Specific Ventilation (mL/mL),x (mm),y (mm),z (mm)
0.0163479,-16,-80,-108.25
0.0118975,-8,-80,-108.25
0.0161718,-24,-72,-108.25
0.0135801,-16,-72,-108.25
0.0103972,-8,-72,-108.25
0.00695064,0,-72,-108.25
0.0118802,-32,-64,-108.25
0.0149662,-24,-64,-108.25
0.0127068,-16,-64,-108.25
0.00915984,-8,-64,-108.25
0.00738212,0,-64,-108.25
0.00212307,-32,-56,-108.25
0.00774195,-24,-56,-108.25
0.0117538,-16,-56,-108.25
0.0124999,-8,-56,-108.25
0.0092968,0,-56,-108.25
0.00379377,8,-56,-108.25
0.00297428,-24,-48,-108.25
0.0069788,-16,-48,-108.25
0.0110013,-8,-48,-108.25
0.0113377,0,-48,-108.25
0.00658133,8,-48,-108.25
0.00465125,16,-48,-108.25
0.0113629,-8,-40,-108.25
0.0131177,0,-40,-108.25
0.00695076,8,-40,-108.25
0.016055,-16,-88,-100.25
0.00938571,-8,-88,-100.25
0.0136462,-24,-80,-100.25
0.0132447,-16,-80,-100.25
0.00921042,-8,-80,-100.25
0.00561214,0,-80,-100.25
0.0120056,-32,-72,-100.25
0.0127601,-24,-72,-100.25
0.0101889,-16,-72,-100.25
0.00755203,-8,-72,-100.25
0.00568632,0,-72,-100.25
0.00258933,8,-72,-100.25
0.00998644,-32,-64,-100.25
0.012051,-24,-64,-100.25
0.00959887,-16,-64,-100.25
0.0075403,-8,-64,-100.25
0.0057784,0,-64,-100.25
0.00243742,8,-64,-100.25
0.00533674,-32,-56,-100.25
0.00956474,-24,-56,-100.25
0.00998969,-16,-56,-100.25
0.00960339,-8,-56,-100.25
0.00843267,0,-56,-100.25
0.00441024,8,-56,-100.25
-0.00127393,16,-56,-100.25
-0.0061062,-40,-48,-100.25
0.00494941,-32,-48,-100.25
0.00793206,-24,-48,-100.25
0.00895485,-16,-48,-100.25
0.00989935,-8,-48,-100.25
0.0104332,0,-48,-100.25
0.00649134,8,-48,-100.25
0.00122556,16,-48,-100.25
-0.00290693,-40,-40,-100.25
0.00824214,-32,-40,-100.25
0.0110984,-24,-40,-100.25
0.0118604,-16,-40,-100.25
0.0146088,-8,-40,-100.25
0.0162883,0,-40,-100.25
0.0109239,8,-40,-100.25
0.00385565,16,-40,-100.25
0.00174326,24,-40,-100.25
0.00605275,-40,-32,-100.25
0.0145375,-32,-32,-100.25
0.0157001,-24,-32,-100.25
0.0177148,-16,-32,-100.25
0.0218214,-8,-32,-100.25
0.0206101,0,-32,-100.25
0.0112448,8,-32,-100.25
0.00292841,16,-32,-100.25
0.000687603,24,-32,-100.25
0.0131713,-40,-24,-100.25
0.0217966,-32,-24,-100.25
0.0174525,-24,-24,-100.25
0.00987847,8,-24,-100.25
0.000447502,16,-24,-100.25
-0.0025574,24,-24,-100.25
0.0159338,-40,-16,-100.25
0.0225037,-32,-16,-100.25
0.0246014,-24,-16,-100.25
0.0122093,8,-16,-100.25
-0.00409361,16,-16,-100.25
-0.00976911,24,-16,-100.25
0.0266993,-40,-8,-100.25
0.0209465,-32,-8,-100.25
0.0151941,-24,-8,-100.25
0.0157645,8,-8,-100.25
-0.000138319,16,-8,-100.25
-0.0103628,24,-8,-100.25
0.0194209,-40,0,-100.25
0.0198133,-32,0,-100.25
0.0212191,-24,0,-100.25
-0.000899024,16,0,-100.25
-0.0123179,24,0,-100.25
0.0180024,-40,8,-100.25
0.0195209,-32,8,-100.25
0.0212779,-24,8,-100.25
-0.00345964,16,8,-100.25
-0.0147168,24,8,-100.25
0.0169284,-32,16,-100.25
0.0180506,-24,16,-100.25
0.0221692,-16,16,-100.25
0.011109,-16,-96,-92.25
0.00818014,-8,-96,-92.25
0.00713292,-32,-88,-92.25
0.00944235,-24,-88,-92.25
0.0116317,-16,-88,-92.25
0.00912057,-8,-88,-92.25
0.00477462,0,-88,-92.25
0.00878941,-32,-80,-92.25
0.0110282,-24,-80,-92.25
0.0105782,-16,-80,-92.25
0.00895351,-8,-80,-92.25
0.00674313,0,-80,-92.25
0.00490462,8,-80,-92.25
0.00679132,-40,-72,-92.25
0.0101615,-32,-72,-92.25
0.0113083,-24,-72,-92.25
0.00831341,-16,-72,-92.25
0.00708807,-8,-72,-92.25
0.005129,0,-72,-92.25
0.00226303,8,-72,-92.25
0.00491515,-40,-64,-92.25
0.0103338,-32,-64,-92.25
0.0117759,-24,-64,-92.25
0.00867097,-16,-64,-92.25
0.00670542,-8,-64,-92.25
0.00570696,0,-64,-92.25
0.00305651,8,-64,-92.25
-0.00101779,16,-64,-92.25
0.00338185,-40,-56,-92.25
0.00927237,-32,-56,-92.25
0.011335,-24,-56,-92.25
0.00914037,-16,-56,-92.25
0.00741579,-8,-56,-92.25
0.00811578,0,-56,-92.25
0.00601063,8,-56,-92.25
0.00239027,16,-56,-92.25
0.00215732,-40,-48,-92.25
0.00864375,-32,-48,-92.25
0.0104685,-24,-48,-92.25
0.0092211,-16,-48,-92.25
0.00834335,-8,-48,-92.25
0.01138,0,-48,-92.25
0.00967448,8,-48,-92.25
0.00490879,16,-48,-92.25
-0.00138602,24,-48,-92.25
0.0029309,-40,-40,-92.25
0.0101347,-32,-40,-92.25
0.0128175,-24,-40,-92.25
0.0124772,-16,-40,-92.25
0.0141068,-8,-40,-92.25
0.0186281,0,-40,-92.25
0.015318,8,-40,-92.25
0.00877859,16,-40,-92.25
0.00476363,24,-40,-92.25
0.00623464,-40,-32,-92.25
0.014658,-32,-32,-92.25
0.0168447,-24,-32,-92.25
0.01751,-16,-32,-92.25
0.0251399,-8,-32,-92.25
0.0189221,8,-32,-92.25
0.0104154,16,-32,-92.25
0.00659565,24,-32,-92.25
0.00660522,-40,-24,-92.25
0.0179066,-32,-24,-92.25
0.0189683,-24,-24,-92.25
0.0118869,16,-24,-92.25
0.00619631,24,-24,-92.25
0.00385673,-40,-16,-92.25
0.0161795,-32,-16,-92.25
0.0201608,-24,-16,-92.25
0.0100957,16,-16,-92.25
0.00248318,24,-16,-92.25
0.000253455,-40,-8,-92.25
0.0154411,-32,-8,-92.25
0.0127226,-24,-8,-92.25
0.00880357,16,-8,-92.25
-0.00016653,24,-8,-92.25
0.00137313,-40,0,-92.25
0.0142167,-32,0,-92.25
0.0188681,-24,0,-92.25
0.00760814,16,0,-92.25
0.000703915,24,0,-92.25
0.00813725,-40,8,-92.25
0.0165315,-32,8,-92.25
0.01978,-24,8,-92.25
0.00742436,16,8,-92.25
0.00506946,24,8,-92.25
0.0229922,-40,16,-92.25
0.0222221,-32,16,-92.25
0.022306,-24,16,-92.25
0.0318494,-16,16,-92.25
0.0040503,16,16,-92.25
0.00635713,24,16,-92.25
0.0295298,-40,24,-92.25
0.0360334,-32,24,-92.25
0.00266239,16,24,-92.25
0.00522747,24,24,-92.25
0.0164828,-16,-104,-84.25
0.0131453,-24,-96,-84.25
0.0148548,-16,-96,-84.25
0.0133112,-8,-96,-84.25
0.0147347,0,-96,-84.25
0.0190134,8,-96,-84.25
0.010115,-32,-88,-84.25
0.0119546,-24,-88,-84.25
0.0124898,-16,-88,-84.25
0.0114001,-8,-88,-84.25
0.010522,0,-88,-84.25
0.0105966,8,-88,-84.25
0.00834068,-40,-80,-84.25
0.0106352,-32,-80,-84.25
0.00975741,-24,-80,-84.25
0.00805971,-16,-80,-84.25
0.00707431,-8,-80,-84.25
0.00631674,0,-80,-84.25
0.0067085,8,-80,-84.25
0.00448923,16,-80,-84.25
0.0103515,-40,-72,-84.25
0.0111318,-32,-72,-84.25
0.00846624,-24,-72,-84.25
0.00438133,-16,-72,-84.25
0.00244676,-8,-72,-84.25
0.00186172,0,-72,-84.25
0.00210423,8,-72,-84.25
-0.00144085,16,-72,-84.25
0.00920929,-40,-64,-84.25
0.0116044,-32,-64,-84.25
0.00970663,-24,-64,-84.25
0.00424334,-16,-64,-84.25
0.00128392,-8,-64,-84.25
-0.000564458,0,-64,-84.25
-0.000239941,8,-64,-84.25
-0.0015109,16,-64,-84.25
-0.0074645,24,-64,-84.25
0.000843231,-48,-56,-84.25
0.00851889,-40,-56,-84.25
0.0140332,-32,-56,-84.25
0.0151651,-24,-56,-84.25
0.00841422,-16,-56,-84.25
0.00165588,-8,-56,-84.25
0.00322485,0,-56,-84.25
0.0026717,8,-56,-84.25
-0.000100698,16,-56,-84.25
-0.00435625,24,-56,-84.25
-0.000949178,-48,-48,-84.25
0.00778919,-40,-48,-84.25
0.0138618,-32,-48,-84.25
0.0144413,-24,-48,-84.25
0.00900455,-16,-48,-84.25
0.00333271,-8,-48,-84.25
0.00983467,0,-48,-84.25
0.00772903,8,-48,-84.25
0.00247011,16,-48,-84.25
-0.00300377,24,-48,-84.25
-0.00304291,-48,-40,-84.25
0.00717892,-40,-40,-84.25
0.0139688,-32,-40,-84.25
0.01644,-24,-40,-84.25
0.0117022,-16,-40,-84.25
0.0104442,-8,-40,-84.25
0.0183738,0,-40,-84.25
0.0118778,8,-40,-84.25
0.00574602,16,-40,-84.25
4.47845e-05,24,-40,-84.25
-0.000435878,32,-40,-84.25
-0.0037445,-48,-32,-84.25
0.00758515,-40,-32,-84.25
0.0150603,-32,-32,-84.25
0.0187948,-24,-32,-84.25
0.0143552,-16,-32,-84.25
0.0243345,-8,-32,-84.25
0.0101032,16,-32,-84.25
0.00352854,24,-32,-84.25
0.0066657,32,-32,-84.25
0.00677014,-40,-24,-84.25
0.0154381,-32,-24,-84.25
0.020043,-24,-24,-84.25
0.0154894,16,-24,-84.25
0.00519799,24,-24,-84.25
0.0079083,32,-24,-84.25
0.00468448,-40,-16,-84.25
0.0148132,-32,-16,-84.25
0.0140007,16,-16,-84.25
0.00280488,24,-16,-84.25
0.00204589,32,-16,-84.25
0.00245919,-40,-8,-84.25
0.0175648,-32,-8,-84.25
0.0114808,16,-8,-84.25
0.00135035,24,-8,-84.25
-0.000935303,-40,0,-84.25
0.0130531,-32,0,-84.25
0.011859,16,0,-84.25
0.00256473,24,0,-84.25
0.00218512,-40,8,-84.25
0.00972189,-32,8,-84.25
0.0205481,8,8,-84.25
0.0103201,16,8,-84.25
0.00524177,24,8,-84.25
0.00795401,-40,16,-84.25
0.0132918,-32,16,-84.25
0.0145283,-24,16,-84.25
0.0219953,-16,16,-84.25
0.00542966,8,16,-84.25
0.00584312,16,16,-84.25
0.0070228,24,16,-84.25
0.0309407,-40,24,-84.25
0.00390256,8,24,-84.25
0.00782665,16,24,-84.25
0.0115539,24,24,-84.25
0.00981365,16,32,-84.25
0.014537,24,32,-84.25
0.0173917,-24,-104,-76.25
0.0168559,-16,-104,-76.25
0.0161975,-8,-104,-76.25
0.0182951,0,-104,-76.25
0.00834337,-32,-96,-76.25
0.0136039,-24,-96,-76.25
0.0158279,-16,-96,-76.25
0.0150837,-8,-96,-76.25
0.0147667,0,-96,-76.25
0.0163061,8,-96,-76.25
0.00449713,-40,-88,-76.25
0.00946896,-32,-88,-76.25
0.0117701,-24,-88,-76.25
0.01189,-16,-88,-76.25
0.0109949,-8,-88,-76.25
0.00952331,0,-88,-76.25
0.00950258,8,-88,-76.25
0.013399,16,-88,-76.25
0.00803762,-40,-80,-76.25
0.00928752,-32,-80,-76.25
0.00902134,-24,-80,-76.25
0.0061047,-16,-80,-76.25
0.00177707,-8,-80,-76.25
0.0019797,0,-80,-76.25
0.00329304,8,-80,-76.25
0.00219132,16,-80,-76.25
0.0103111,-48,-72,-76.25
0.0118957,-40,-72,-76.25
0.00976868,-32,-72,-76.25
0.00536067,-24,-72,-76.25
9.75784e-05,-16,-72,-76.25
-0.00607784,-8,-72,-76.25
-0.00552838,0,-72,-76.25
-0.00359286,8,-72,-76.25
-0.00693015,16,-72,-76.25
0.00916254,-48,-64,-76.25
0.0118508,-40,-64,-76.25
0.0106911,-32,-64,-76.25
0.00673212,-24,-64,-76.25
-0.00374863,-16,-64,-76.25
-0.0106259,-8,-64,-76.25
-0.0153836,0,-64,-76.25
-0.0110106,8,-64,-76.25
-0.00724779,16,-64,-76.25
0.0106778,-48,-56,-76.25
0.0119224,-40,-56,-76.25
0.0152005,-32,-56,-76.25
0.0173198,-24,-56,-76.25
-0.00688028,8,-56,-76.25
-0.0061151,16,-56,-76.25
-0.00707881,24,-56,-76.25
-0.0178291,32,-56,-76.25
0.0157414,-48,-48,-76.25
0.015082,-40,-48,-76.25
0.0157661,-32,-48,-76.25
0.016074,-24,-48,-76.25
-0.00697107,24,-48,-76.25
-0.0164671,32,-48,-76.25
0.0171536,-48,-40,-76.25
0.0177267,-40,-40,-76.25
0.0201957,-32,-40,-76.25
-0.00309127,24,-40,-76.25
-0.0158777,32,-40,-76.25
0.0163438,-48,-32,-76.25
0.0178695,-40,-32,-76.25
0.0202252,-32,-32,-76.25
-0.00111297,24,-32,-76.25
-0.0165225,32,-32,-76.25
0.0138947,-48,-24,-76.25
0.0145258,-40,-24,-76.25
0.0171483,-32,-24,-76.25
0.0186259,16,-24,-76.25
-0.000718677,24,-24,-76.25
-0.0174494,32,-24,-76.25
0.00473332,-48,-16,-76.25
0.0144891,-40,-16,-76.25
0.0225365,-32,-16,-76.25
0.00746638,16,-16,-76.25
-0.00166259,24,-16,-76.25
-0.0176649,32,-16,-76.25
-0.00170538,-48,-8,-76.25
0.0150103,-40,-8,-76.25
0.029695,-32,-8,-76.25
0.0141043,16,-8,-76.25
0.00122084,24,-8,-76.25
-0.0151914,32,-8,-76.25
0.00966789,-40,0,-76.25
0.0221458,-32,0,-76.25
0.0144493,16,0,-76.25
0.00332613,24,0,-76.25
-0.0108579,32,0,-76.25
0.00820621,-40,8,-76.25
0.0132224,-32,8,-76.25
0.0186901,8,8,-76.25
0.0119836,16,8,-76.25
0.00348045,24,8,-76.25
-0.00983518,32,8,-76.25
0.00597916,-40,16,-76.25
0.0143408,-32,16,-76.25
0.0167935,-24,16,-76.25
0.0253098,-16,16,-76.25
0.0106595,8,16,-76.25
0.00919709,16,16,-76.25
0.00400707,24,16,-76.25
-0.00832804,32,16,-76.25
0.0269379,-32,24,-76.25
0.0258702,-24,24,-76.25
0.00816237,8,24,-76.25
0.00997913,16,24,-76.25
0.00821362,24,24,-76.25
-0.0014544,32,24,-76.25
0.00226449,8,32,-76.25
0.00774332,16,32,-76.25
0.00884639,24,32,-76.25
0.00469278,16,40,-76.25
0.00715338,24,40,-76.25
0.0140798,-24,-104,-68.25
0.0139581,-16,-104,-68.25
0.0134307,-8,-104,-68.25
0.0152568,0,-104,-68.25
0.00844953,-32,-96,-68.25
0.0108368,-24,-96,-68.25
0.0111357,-16,-96,-68.25
0.0117257,-8,-96,-68.25
0.0114866,0,-96,-68.25
0.0115119,8,-96,-68.25
0.00511802,-40,-88,-68.25
0.00881116,-32,-88,-68.25
0.00664084,-24,-88,-68.25
0.00536477,-16,-88,-68.25
0.00561745,-8,-88,-68.25
0.00522476,0,-88,-68.25
0.00494001,8,-88,-68.25
0.00271,-48,-80,-68.25
0.00711867,-40,-80,-68.25
0.00383525,-32,-80,-68.25
0.00367259,-16,-80,-68.25
-0.00561726,-8,-80,-68.25
-0.00588175,0,-80,-68.25
-0.002719,8,-80,-68.25
0.0114121,-48,-72,-68.25
0.0165967,-40,-72,-68.25
-0.0202197,0,-72,-68.25
-0.0153914,8,-72,-68.25
0.00518236,-48,-64,-68.25
0.0111264,-40,-64,-68.25
-0.0373051,8,-64,-68.25
0.0048627,-48,-56,-68.25
-0.00263546,32,-56,-68.25
0.0113202,-48,-48,-68.25
0.013036,-40,-48,-68.25
-0.00257902,32,-48,-68.25
0.0125983,-48,-40,-68.25
0.0183689,-40,-40,-68.25
0.0253832,-32,-40,-68.25
0.00801391,24,-40,-68.25
-0.00519543,32,-40,-68.25
0.0145047,-48,-32,-68.25
0.0171641,-40,-32,-68.25
0.00144609,24,-32,-68.25
-0.0140649,32,-32,-68.25
0.0162601,-48,-24,-68.25
0.0176082,-40,-24,-68.25
-0.000311736,24,-24,-68.25
-0.0140601,32,-24,-68.25
0.0159041,-48,-16,-68.25
0.0296725,-40,-16,-68.25
0.00457152,24,-16,-68.25
-0.0137872,32,-16,-68.25
0.0113887,-48,-8,-68.25
0.0351303,-40,-8,-68.25
0.0245837,16,-8,-68.25
0.00977166,24,-8,-68.25
-0.0105468,32,-8,-68.25
0.0131897,-48,0,-68.25
0.0268881,-40,0,-68.25
0.0242069,16,0,-68.25
0.0103657,24,0,-68.25
-0.00557256,32,0,-68.25
0.019047,-40,8,-68.25
0.0232186,-32,8,-68.25
0.0194507,16,8,-68.25
0.00848708,24,8,-68.25
-0.00260908,32,8,-68.25
0.0163175,-40,16,-68.25
0.0219411,-32,16,-68.25
0.0182344,8,16,-68.25
0.0133087,16,16,-68.25
0.00530565,24,16,-68.25
-0.00293481,32,16,-68.25
0.0205519,-40,24,-68.25
0.0263383,-32,24,-68.25
0.0234341,-24,24,-68.25
0.017498,-16,24,-68.25
0.0164281,8,24,-68.25
0.0108057,16,24,-68.25
0.00449244,24,24,-68.25
-0.00436231,32,24,-68.25
0.0399113,-40,32,-68.25
0.043447,-32,32,-68.25
0.00989952,8,32,-68.25
0.00746448,16,32,-68.25
0.00174626,24,32,-68.25
-0.00638028,32,32,-68.25
0.00440315,16,40,-68.25
-0.00355362,24,40,-68.25
-0.0133207,32,40,-68.25
0.00558611,16,48,-68.25
-0.000522207,24,48,-68.25
0.00564945,-24,-104,-60.25
0.00719468,-16,-104,-60.25
0.00717954,-8,-104,-60.25
0.00970243,0,-104,-60.25
0.00329578,-32,-96,-60.25
0.0024528,-8,-96,-60.25
0.00458469,0,-96,-60.25
0.00594036,8,-96,-60.25
-0.00259663,-40,-88,-60.25
-0.00603892,0,-88,-60.25
-0.00380158,8,-88,-60.25
-0.00212793,-48,-80,-60.25
-0.0200545,-56,-56,-60.25
-0.00360827,32,-56,-60.25
-0.0235661,-56,-48,-60.25
-0.0152886,32,-48,-60.25
0.0250573,-56,-40,-60.25
-0.00999394,32,-40,-60.25
-0.0200772,40,-40,-60.25
0.0306138,-56,-32,-60.25
0.00100224,32,-32,-60.25
-0.0229602,40,-32,-60.25
0.03465,-56,-24,-60.25
0.027245,-48,-24,-60.25
5.21019e-05,32,-24,-60.25
-0.0216725,40,-24,-60.25
0.0227118,-56,-16,-60.25
0.0331586,-48,-16,-60.25
-0.00352333,32,-16,-60.25
-0.0149034,40,-16,-60.25
0.0233098,-56,-8,-60.25
0.0313236,-48,-8,-60.25
0.0516548,-40,-8,-60.25
0.0111902,24,-8,-60.25
0.000952477,32,-8,-60.25
-0.0103522,40,-8,-60.25
0.0165921,-56,0,-60.25
0.0245035,-48,0,-60.25
0.0381559,-40,0,-60.25
0.0120117,24,0,-60.25
0.00506689,32,0,-60.25
0.00105494,40,0,-60.25
0.00697034,-56,8,-60.25
0.0144281,-48,8,-60.25
0.0215682,-40,8,-60.25
0.028456,-32,8,-60.25
0.0112342,24,8,-60.25
0.0067538,32,8,-60.25
0.00578888,40,8,-60.25
0.00647648,-48,16,-60.25
0.0167283,-40,16,-60.25
0.0200093,-32,16,-60.25
0.0150432,16,16,-60.25
0.00879705,24,16,-60.25
0.00660166,32,16,-60.25
0.0104166,40,16,-60.25
0.00579745,-48,24,-60.25
0.0204687,-40,24,-60.25
0.0228545,-32,24,-60.25
0.0154586,-24,24,-60.25
0.00662467,-16,24,-60.25
0.0119424,16,24,-60.25
0.00844716,24,24,-60.25
0.00881372,32,24,-60.25
0.0397614,-40,32,-60.25
0.0437305,-32,32,-60.25
0.016724,8,32,-60.25
0.00975264,16,32,-60.25
0.00716135,24,32,-60.25
0.00893069,32,32,-60.25
0.0226991,-48,40,-60.25
0.0543641,-40,40,-60.25
0.010169,8,40,-60.25
0.00662858,16,40,-60.25
0.00384795,24,40,-60.25
0.00652606,32,40,-60.25
0.0305934,-40,48,-60.25
0.0042969,16,48,-60.25
0.00299047,24,48,-60.25
0.0,-40,56,-60.25
0.00874089,24,56,-60.25
-0.0205745,-16,-104,-52.25
-0.0222894,-8,-104,-52.25
0.0,40,-56,-52.25
0.00142511,40,-48,-52.25
-0.000237837,40,-40,-52.25
0.0257154,32,-32,-52.25
-0.00265614,40,-32,-52.25
0.0224665,-56,-24,-52.25
0.00966052,32,-24,-52.25
0.000274816,40,-24,-52.25
0.0180329,-56,-16,-52.25
0.0267541,-48,-16,-52.25
0.00595712,32,-16,-52.25
0.00183259,40,-16,-52.25
-0.00782251,48,-16,-52.25
0.0192985,-56,-8,-52.25
0.0255797,-48,-8,-52.25
0.0391931,-40,-8,-52.25
0.00831073,32,-8,-52.25
0.00488167,40,-8,-52.25
0.00542284,48,-8,-52.25
0.0127085,-56,0,-52.25
0.0207357,-48,0,-52.25
0.0270929,-40,0,-52.25
0.0101077,32,0,-52.25
0.00974522,40,0,-52.25
0.0149665,48,0,-52.25
0.00587073,-56,8,-52.25
0.0135142,-48,8,-52.25
0.0185512,-40,8,-52.25
0.0238815,-32,8,-52.25
0.00901881,24,8,-52.25
0.011713,32,8,-52.25
0.0137789,40,8,-52.25
0.0099738,-56,16,-52.25
0.011371,-48,16,-52.25
0.015134,-40,16,-52.25
0.0126093,-32,16,-52.25
0.00779966,24,16,-52.25
0.0127376,32,16,-52.25
0.0178189,40,16,-52.25
0.0113663,-48,24,-52.25
0.0201301,-40,24,-52.25
0.0205363,-32,24,-52.25
0.0143339,-24,24,-52.25
0.0159033,-16,24,-52.25
0.0108196,24,24,-52.25
0.0164869,32,24,-52.25
0.022041,40,24,-52.25
0.0217104,-48,32,-52.25
0.0365968,-40,32,-52.25
0.0414387,-32,32,-52.25
0.00794464,16,32,-52.25
0.0133587,24,32,-52.25
0.0188254,32,32,-52.25
0.0240887,40,32,-52.25
0.0207942,-48,40,-52.25
0.0460726,-40,40,-52.25
0.00943937,16,40,-52.25
0.0125184,24,40,-52.25
0.0171813,32,40,-52.25
0.0237564,40,40,-52.25
0.0257785,-40,48,-52.25
0.0115472,16,48,-52.25
0.0131052,24,48,-52.25
0.0175168,32,48,-52.25
0.000153454,-40,56,-52.25
0.0153344,16,56,-52.25
0.0142168,24,56,-52.25
0.0152939,32,56,-52.25
0.0,-40,64,-52.25
0.0,40,-56,-44.25
-0.00822219,40,-48,-44.25
0.00536773,-64,-40,-44.25
0.0187173,-64,-32,-44.25
0.00700947,40,-32,-44.25
0.00772921,48,-32,-44.25
0.0163902,-64,-24,-44.25
0.0194058,-56,-24,-44.25
0.00929619,40,-24,-44.25
0.00810114,48,-24,-44.25
0.0156305,-64,-16,-44.25
0.0165593,-56,-16,-44.25
0.0218011,-48,-16,-44.25
0.010771,40,-16,-44.25
0.0111494,48,-16,-44.25
0.0211536,-64,-8,-44.25
0.0184944,-56,-8,-44.25
0.0241135,-48,-8,-44.25
0.0109546,40,-8,-44.25
0.0146063,48,-8,-44.25
0.0126587,-64,0,-44.25
0.0133829,-56,0,-44.25
0.0219808,-48,0,-44.25
0.0260279,-40,0,-44.25
0.0156068,32,0,-44.25
0.0137457,40,0,-44.25
0.0208168,48,0,-44.25
0.00244723,-64,8,-44.25
0.00582996,-56,8,-44.25
0.0155118,-48,8,-44.25
0.0176663,-40,8,-44.25
0.0188363,-32,8,-44.25
0.0160662,32,8,-44.25
0.0165564,40,8,-44.25
0.026377,48,8,-44.25
0.00650007,-56,16,-44.25
0.0135997,-48,16,-44.25
0.0150145,-40,16,-44.25
0.00986229,-32,16,-44.25
0.0212075,24,16,-44.25
0.0160426,32,16,-44.25
0.0189202,40,16,-44.25
0.0273068,48,16,-44.25
0.0026394,-56,24,-44.25
0.014169,-48,24,-44.25
0.0193354,-40,24,-44.25
0.0169496,-32,24,-44.25
0.00842655,-24,24,-44.25
-0.000474656,-16,24,-44.25
0.0256646,24,24,-44.25
0.0200905,32,24,-44.25
0.0218985,40,24,-44.25
0.0254108,48,24,-44.25
0.0215486,-48,32,-44.25
0.0290723,-40,32,-44.25
0.0293326,-32,32,-44.25
0.0272207,24,32,-44.25
0.0226975,32,32,-44.25
0.0244459,40,32,-44.25
0.0216943,-48,40,-44.25
0.0345081,-40,40,-44.25
0.0369794,-32,40,-44.25
0.0252724,24,40,-44.25
0.0214931,32,40,-44.25
0.0239477,40,40,-44.25
0.00624821,-48,48,-44.25
0.0240587,-40,48,-44.25
0.0212301,-32,48,-44.25
0.0225805,16,48,-44.25
0.0229367,24,48,-44.25
0.0231278,32,48,-44.25
0.0287762,40,48,-44.25
0.0108952,-40,56,-44.25
0.0245071,16,56,-44.25
0.0223689,24,56,-44.25
0.0216421,32,56,-44.25
0.00691576,-40,64,-44.25
0.0142914,16,64,-44.25
0.0166341,24,64,-44.25
0.0,-64,-56,-36.25
0.0147941,-64,-48,-36.25
-0.0174998,48,-48,-36.25
0.00230366,-64,-40,-36.25
-0.00968475,48,-40,-36.25
0.00972341,-64,-32,-36.25
0.00162373,48,-32,-36.25
0.010087,-64,-24,-36.25
0.0172809,-56,-24,-36.25
0.0257788,40,-24,-36.25
0.00631383,48,-24,-36.25
0.0165488,-64,-16,-36.25
0.0206501,-56,-16,-36.25
0.0180006,40,-16,-36.25
0.0110511,48,-16,-36.25
0.0240204,-64,-8,-36.25
0.0228535,-56,-8,-36.25
0.0263476,-48,-8,-36.25
0.0181093,40,-8,-36.25
0.013584,48,-8,-36.25
0.0186636,-64,0,-36.25
0.0199859,-56,0,-36.25
0.0234745,-48,0,-36.25
0.0220947,-40,0,-36.25
0.0204823,40,0,-36.25
0.0183423,48,0,-36.25
0.0123639,-64,8,-36.25
0.0154924,-56,8,-36.25
0.0198797,-48,8,-36.25
0.0197767,-40,8,-36.25
0.0158505,-32,8,-36.25
0.0275533,32,8,-36.25
0.0210351,40,8,-36.25
0.0200177,48,8,-36.25
0.0119872,-64,16,-36.25
0.0145895,-56,16,-36.25
0.0182391,-48,16,-36.25
0.016571,-40,16,-36.25
0.00712502,-32,16,-36.25
-0.0195505,-24,16,-36.25
0.0256015,32,16,-36.25
0.0205621,40,16,-36.25
0.0197859,48,16,-36.25
0.0163288,-56,24,-36.25
0.0196218,-48,24,-36.25
0.019192,-40,24,-36.25
0.0117082,-32,24,-36.25
-0.0093786,-24,24,-36.25
-0.0242271,-16,24,-36.25
0.0253959,32,24,-36.25
0.0201249,40,24,-36.25
0.0169448,48,24,-36.25
0.0178147,-56,32,-36.25
0.0232765,-48,32,-36.25
0.0239975,-40,32,-36.25
0.0180589,-32,32,-36.25
0.00224084,-24,32,-36.25
0.0404489,24,32,-36.25
0.027144,32,32,-36.25
0.0201988,40,32,-36.25
0.0146795,48,32,-36.25
0.0253502,-56,40,-36.25
0.0273738,-48,40,-36.25
0.0278135,-40,40,-36.25
0.0211798,-32,40,-36.25
0.0341962,24,40,-36.25
0.0255948,32,40,-36.25
0.0198604,40,40,-36.25
0.0262131,-48,48,-36.25
0.0272454,-40,48,-36.25
0.0214141,-32,48,-36.25
0.0275928,24,48,-36.25
0.0236771,32,48,-36.25
0.0217165,40,48,-36.25
0.0152008,-48,56,-36.25
0.0165808,-40,56,-36.25
0.00539775,-32,56,-36.25
0.0250168,16,56,-36.25
0.0246613,24,56,-36.25
0.0224024,32,56,-36.25
0.00700089,-40,64,-36.25
0.0195321,16,64,-36.25
0.0228696,24,64,-36.25
0.0204778,32,64,-36.25
0.0189109,-64,-64,-28.25
0.0349659,-64,-56,-28.25
-0.0275364,48,-56,-28.25
0.0446777,-64,-48,-28.25
-0.00476204,48,-48,-28.25
0.00973662,-64,-40,-28.25
0.00391343,48,-40,-28.25
0.00694308,-64,-32,-28.25
0.00653384,48,-32,-28.25
0.0222433,56,-32,-28.25
0.0101954,-72,-24,-28.25
0.0112868,-64,-24,-28.25
0.0160531,-56,-24,-28.25
0.0107459,48,-24,-28.25
0.0159233,56,-24,-28.25
0.0225271,-72,-16,-28.25
0.0199865,-64,-16,-28.25
0.0222376,-56,-16,-28.25
0.0169185,48,-16,-28.25
0.0122779,56,-16,-28.25
0.0312199,-72,-8,-28.25
0.0272181,-64,-8,-28.25
0.0259863,-56,-8,-28.25
0.0253933,-48,-8,-28.25
0.016438,48,-8,-28.25
0.0121199,56,-8,-28.25
0.0271436,-72,0,-28.25
0.0253584,-64,0,-28.25
0.0245866,-56,0,-28.25
0.0228203,-48,0,-28.25
0.0148795,-40,0,-28.25
0.0266188,40,0,-28.25
0.0170463,48,0,-28.25
0.0124972,56,0,-28.25
0.0172199,-72,8,-28.25
0.0206251,-64,8,-28.25
0.0213516,-56,8,-28.25
0.0203602,-48,8,-28.25
0.0139673,-40,8,-28.25
0.0415558,32,8,-28.25
0.0270404,40,8,-28.25
0.0178505,48,8,-28.25
0.0109027,56,8,-28.25
0.00837506,-72,16,-28.25
0.0207389,-64,16,-28.25
0.0225131,-56,16,-28.25
0.0220601,-48,16,-28.25
0.016396,-40,16,-28.25
-0.00195735,-32,16,-28.25
0.0434584,32,16,-28.25
0.0269902,40,16,-28.25
0.0193589,48,16,-28.25
0.00616836,56,16,-28.25
0.0228375,-64,24,-28.25
0.0256651,-56,24,-28.25
0.0244717,-48,24,-28.25
0.0198576,-40,24,-28.25
0.00649859,-32,24,-28.25
-0.0103617,-24,24,-28.25
0.0370962,32,24,-28.25
0.0239817,40,24,-28.25
0.0170902,48,24,-28.25
0.00139105,56,24,-28.25
0.0210209,-64,32,-28.25
0.0267785,-56,32,-28.25
0.0266932,-48,32,-28.25
0.0226651,-40,32,-28.25
0.0119391,-32,32,-28.25
0.00103621,-24,32,-28.25
0.00553966,-16,32,-28.25
0.056329,24,32,-28.25
0.0335179,32,32,-28.25
0.0215644,40,32,-28.25
0.0145647,48,32,-28.25
0.0274816,-56,40,-28.25
0.0275327,-48,40,-28.25
0.0248337,-40,40,-28.25
0.0172299,-32,40,-28.25
0.0469242,24,40,-28.25
0.0290778,32,40,-28.25
0.0194228,40,40,-28.25
0.013391,48,40,-28.25
0.0230454,-56,48,-28.25
0.0279989,-48,48,-28.25
0.0265136,-40,48,-28.25
0.0195347,-32,48,-28.25
0.036666,24,48,-28.25
0.0248683,32,48,-28.25
0.0184662,40,48,-28.25
0.0117884,48,48,-28.25
0.0212685,-48,56,-28.25
0.0199231,-40,56,-28.25
0.0146187,-32,56,-28.25
0.0253779,24,56,-28.25
0.0227685,32,56,-28.25
0.0192231,40,56,-28.25
0.0194398,-48,64,-28.25
0.0159171,-40,64,-28.25
0.0088298,-32,64,-28.25
0.0248183,24,64,-28.25
0.0241621,32,64,-28.25
0.0245166,40,64,-28.25
0.0195195,-48,72,-28.25
0.0132262,-40,72,-28.25
0.00457451,-32,72,-28.25
0.0303327,24,72,-28.25
0.0341613,32,72,-28.25
0.0172543,-64,-72,-20.25
0.0166452,-64,-64,-20.25
-0.0308462,48,-64,-20.25
0.0179986,-64,-56,-20.25
-0.00801282,48,-56,-20.25
0.0232445,-64,-48,-20.25
0.0141507,48,-48,-20.25
0.0242076,56,-48,-20.25
0.0176825,-72,-40,-20.25
0.0201695,-64,-40,-20.25
0.00626849,48,-40,-20.25
0.0203447,56,-40,-20.25
0.0166462,-72,-32,-20.25
0.0192583,-64,-32,-20.25
0.025137,-56,-32,-20.25
0.00661018,48,-32,-20.25
0.0145446,56,-32,-20.25
0.0195096,-72,-24,-20.25
0.019958,-64,-24,-20.25
0.0234221,-56,-24,-20.25
0.0107759,48,-24,-20.25
0.0102655,56,-24,-20.25
0.0252795,-72,-16,-20.25
0.0250804,-64,-16,-20.25
0.0255244,-56,-16,-20.25
0.0248007,-48,-16,-20.25
0.0183565,48,-16,-20.25
0.00981794,56,-16,-20.25
0.0295756,-72,-8,-20.25
0.0284815,-64,-8,-20.25
0.026622,-56,-8,-20.25
0.0223654,-48,-8,-20.25
0.0175428,48,-8,-20.25
0.0102507,56,-8,-20.25
0.0269248,-72,0,-20.25
0.0269767,-64,0,-20.25
0.0239463,-56,0,-20.25
0.0180737,-48,0,-20.25
-0.00189983,-40,0,-20.25
0.0334622,40,0,-20.25
0.0204226,48,0,-20.25
0.0132465,56,0,-20.25
0.0238942,-72,8,-20.25
0.0259174,-64,8,-20.25
0.0231161,-56,8,-20.25
0.0179473,-48,8,-20.25
0.00752556,-40,8,-20.25
0.0557836,32,8,-20.25
0.0331623,40,8,-20.25
0.0239843,48,8,-20.25
0.0170141,56,8,-20.25
0.0188689,-72,16,-20.25
0.0250569,-64,16,-20.25
0.0244742,-56,16,-20.25
0.022156,-48,16,-20.25
0.0151729,-40,16,-20.25
0.00252631,-32,16,-20.25
0.0498929,32,16,-20.25
0.033471,40,16,-20.25
0.0265732,48,16,-20.25
0.0209874,56,16,-20.25
0.0254436,-64,24,-20.25
0.0260097,-56,24,-20.25
0.0247836,-48,24,-20.25
0.0187675,-40,24,-20.25
0.00742288,-32,24,-20.25
-0.00285823,-8,24,-20.25
0.0399405,24,24,-20.25
0.0424273,32,24,-20.25
0.029634,40,24,-20.25
0.0258844,48,24,-20.25
0.0221487,56,24,-20.25
0.0212615,-64,32,-20.25
0.0249779,-56,32,-20.25
0.0249965,-48,32,-20.25
0.0199319,-40,32,-20.25
0.0102518,-32,32,-20.25
2.73529e-05,-24,32,-20.25
-0.00533389,-16,32,-20.25
0.0375606,24,32,-20.25
0.0365045,32,32,-20.25
0.026561,40,32,-20.25
0.0240334,48,32,-20.25
0.0204382,56,32,-20.25
0.0227396,-56,40,-20.25
0.023001,-48,40,-20.25
0.0194399,-40,40,-20.25
0.0114974,-32,40,-20.25
0.00204219,-24,40,-20.25
0.0388188,24,40,-20.25
0.031372,32,40,-20.25
0.0246042,40,40,-20.25
0.0225183,48,40,-20.25
0.0184084,56,40,-20.25
0.0163029,-56,48,-20.25
0.0221727,-48,48,-20.25
0.0208251,-40,48,-20.25
0.015285,-32,48,-20.25
0.0360604,24,48,-20.25
0.0264533,32,48,-20.25
0.0220087,40,48,-20.25
0.0201789,48,48,-20.25
0.00778362,-56,56,-20.25
0.0190798,-48,56,-20.25
0.0200999,-40,56,-20.25
0.0160932,-32,56,-20.25
0.0294246,24,56,-20.25
0.0229333,32,56,-20.25
0.022013,40,56,-20.25
0.0222866,48,56,-20.25
0.0179881,-48,64,-20.25
0.0200832,-40,64,-20.25
0.0101797,-32,64,-20.25
0.0219156,24,64,-20.25
0.023488,32,64,-20.25
0.0269848,40,64,-20.25
0.0175328,-48,72,-20.25
0.0219214,-40,72,-20.25
0.0166981,-32,72,-20.25
0.0241871,24,72,-20.25
0.0306806,32,72,-20.25
0.0383883,40,72,-20.25
0.0267581,-40,80,-20.25
0.0390907,24,80,-20.25
0.00746132,-56,-80,-12.25
0.0166556,-64,-72,-12.25
0.0146782,-56,-72,-12.25
-0.0645597,48,-72,-12.25
0.0177893,-64,-64,-12.25
0.0146478,-56,-64,-12.25
-0.0078042,48,-64,-12.25
0.020684,-64,-56,-12.25
0.0159906,-56,-56,-12.25
0.0150409,48,-56,-12.25
0.0201102,56,-56,-12.25
0.0275497,-72,-48,-12.25
0.0244172,-64,-48,-12.25
0.0205046,-56,-48,-12.25
0.0263452,48,-48,-12.25
0.0230858,56,-48,-12.25
0.0291199,-72,-40,-12.25
0.0259991,-64,-40,-12.25
0.0230589,-56,-40,-12.25
0.024033,48,-40,-12.25
0.0233028,56,-40,-12.25
0.0255436,-72,-32,-12.25
0.0254971,-64,-32,-12.25
0.0256871,-56,-32,-12.25
0.0222713,48,-32,-12.25
0.0255326,56,-32,-12.25
0.0262437,-72,-24,-12.25
0.0266247,-64,-24,-12.25
0.0271934,-56,-24,-12.25
0.0333784,-48,-24,-12.25
0.0238317,48,-24,-12.25
0.024586,56,-24,-12.25
0.0297101,-72,-16,-12.25
0.0286673,-64,-16,-12.25
0.0274222,-56,-16,-12.25
0.0252611,-48,-16,-12.25
0.0211967,48,-16,-12.25
0.0205123,56,-16,-12.25
0.0323883,-72,-8,-12.25
0.0300856,-64,-8,-12.25
0.0269558,-56,-8,-12.25
0.0232443,-48,-8,-12.25
0.0193931,48,-8,-12.25
0.0190933,56,-8,-12.25
0.0300175,-72,0,-12.25
0.0280992,-64,0,-12.25
0.0242623,-56,0,-12.25
0.0176249,-48,0,-12.25
0.0290477,40,0,-12.25
0.0229347,48,0,-12.25
0.0202706,56,0,-12.25
0.028082,-72,8,-12.25
0.0269037,-64,8,-12.25
0.0225331,-56,8,-12.25
0.0168773,-48,8,-12.25
0.00571963,-40,8,-12.25
0.00383981,-32,8,-12.25
0.0330728,32,8,-12.25
0.0315748,40,8,-12.25
0.0266949,48,8,-12.25
0.0235953,56,8,-12.25
0.0253169,-72,16,-12.25
0.0251495,-64,16,-12.25
0.0224864,-56,16,-12.25
0.0204872,-48,16,-12.25
0.0143117,-40,16,-12.25
0.00788098,-32,16,-12.25
0.0334252,32,16,-12.25
0.0309568,40,16,-12.25
0.0275942,48,16,-12.25
0.025149,56,16,-12.25
0.023505,-64,24,-12.25
0.02402,-56,24,-12.25
0.0239385,-48,24,-12.25
0.0175194,-40,24,-12.25
0.00687058,-32,24,-12.25
-0.00524591,-24,24,-12.25
-0.0115475,-16,24,-12.25
-0.0112244,-8,24,-12.25
-0.0316022,0,24,-12.25
0.023132,24,24,-12.25
0.0310834,32,24,-12.25
0.0285476,40,24,-12.25
0.0275886,48,24,-12.25
0.0265285,56,24,-12.25
0.0225904,-64,32,-12.25
0.0238503,-56,32,-12.25
0.02415,-48,32,-12.25
0.0181692,-40,32,-12.25
0.00873441,-32,32,-12.25
-5.58477e-05,-24,32,-12.25
-0.00619617,-16,32,-12.25
-0.00909563,-8,32,-12.25
0.00756009,16,32,-12.25
0.0184507,24,32,-12.25
0.0292119,32,32,-12.25
0.0277559,40,32,-12.25
0.0279856,48,32,-12.25
0.0264731,56,32,-12.25
0.0224113,-64,40,-12.25
0.0234532,-56,40,-12.25
0.0216163,-48,40,-12.25
0.017316,-40,40,-12.25
0.00902311,-32,40,-12.25
0.00254562,-24,40,-12.25
0.0173609,24,40,-12.25
0.0267611,32,40,-12.25
0.0268057,40,40,-12.25
0.0276321,48,40,-12.25
0.0246423,56,40,-12.25
0.0174217,-56,48,-12.25
0.0196649,-48,48,-12.25
0.0170297,-40,48,-12.25
0.00895315,-32,48,-12.25
0.0197776,24,48,-12.25
0.023795,32,48,-12.25
0.0239095,40,48,-12.25
0.0244757,48,48,-12.25
0.0139364,-56,56,-12.25
0.0196563,-48,56,-12.25
0.0184135,-40,56,-12.25
0.00886323,-32,56,-12.25
0.0206411,24,56,-12.25
0.0197102,32,56,-12.25
0.0211845,40,56,-12.25
0.0231825,48,56,-12.25
0.021406,-48,64,-12.25
0.0200421,-40,64,-12.25
0.0134706,-32,64,-12.25
0.0224884,24,64,-12.25
0.0191247,32,64,-12.25
0.0243416,40,64,-12.25
0.0268014,48,64,-12.25
0.0226867,-48,72,-12.25
0.0233668,-40,72,-12.25
0.0179297,-32,72,-12.25
0.0226443,24,72,-12.25
0.0212769,32,72,-12.25
0.0290139,40,72,-12.25
0.0248994,-40,80,-12.25
0.0185197,-32,80,-12.25
0.0189265,24,80,-12.25
0.0256082,32,80,-12.25
0.0125732,-56,-88,-4.25
0.0107859,-48,-88,-4.25
0.0132906,-64,-80,-4.25
0.0179393,-56,-80,-4.25
0.013522,-48,-80,-4.25
0.0187488,-64,-72,-4.25
0.0201144,-56,-72,-4.25
0.0168036,-48,-72,-4.25
-0.0451995,48,-72,-4.25
0.0210881,-64,-64,-4.25
0.020282,-56,-64,-4.25
0.0158581,-48,-64,-4.25
-0.00442676,48,-64,-4.25
-0.0114125,56,-64,-4.25
0.0225926,-64,-56,-4.25
0.0205894,-56,-56,-4.25
0.0166263,-48,-56,-4.25
0.0196905,48,-56,-4.25
0.0157843,56,-56,-4.25
0.0310603,-72,-48,-4.25
0.0271792,-64,-48,-4.25
0.0228432,-56,-48,-4.25
0.0212129,-48,-48,-4.25
0.0273708,48,-48,-4.25
0.0314929,56,-48,-4.25
0.029207,-72,-40,-4.25
0.0272217,-64,-40,-4.25
0.0233308,-56,-40,-4.25
0.0271376,-48,-40,-4.25
0.0267063,48,-40,-4.25
0.0306008,56,-40,-4.25
0.0248575,-72,-32,-4.25
0.0265277,-64,-32,-4.25
0.0259718,-56,-32,-4.25
0.0329018,-48,-32,-4.25
0.0263281,48,-32,-4.25
0.0280841,56,-32,-4.25
0.0355387,64,-32,-4.25
0.0283409,-72,-24,-4.25
0.0290144,-64,-24,-4.25
0.028886,-56,-24,-4.25
0.0308553,-48,-24,-4.25
0.0260151,48,-24,-4.25
0.0266807,56,-24,-4.25
0.0306755,64,-24,-4.25
0.0318942,-72,-16,-4.25
0.0303384,-64,-16,-4.25
0.0283739,-56,-16,-4.25
0.0243536,-48,-16,-4.25
0.029375,40,-16,-4.25
0.0247003,48,-16,-4.25
0.0255492,56,-16,-4.25
0.0268805,64,-16,-4.25
0.0310356,-72,-8,-4.25
0.0289327,-64,-8,-4.25
0.0258144,-56,-8,-4.25
0.020718,-48,-8,-4.25
0.0247999,40,-8,-4.25
0.0230498,48,-8,-4.25
0.0263464,56,-8,-4.25
0.0282727,64,-8,-4.25
0.0292385,-72,0,-4.25
0.0268907,-64,0,-4.25
0.0231718,-56,0,-4.25
0.015393,-48,0,-4.25
0.0284567,32,0,-4.25
0.0247282,40,0,-4.25
0.0242882,48,0,-4.25
0.0258133,56,0,-4.25
0.0246346,64,0,-4.25
0.0281869,-72,8,-4.25
0.0255275,-64,8,-4.25
0.0210602,-56,8,-4.25
0.0136284,-48,8,-4.25
0.00118811,-40,8,-4.25
-0.0139642,-24,8,-4.25
-0.0154005,-16,8,-4.25
0.0357499,24,8,-4.25
0.0286705,32,8,-4.25
0.026153,40,8,-4.25
0.0257359,48,8,-4.25
0.0258317,56,8,-4.25
0.0234384,64,8,-4.25
0.025737,-72,16,-4.25
0.0240801,-64,16,-4.25
0.0203356,-56,16,-4.25
0.0167814,-48,16,-4.25
0.0119236,-40,16,-4.25
0.00635469,-32,16,-4.25
-0.0172231,-24,16,-4.25
0.0277981,16,16,-4.25
0.0296256,24,16,-4.25
0.0274886,32,16,-4.25
0.0261318,40,16,-4.25
0.026286,48,16,-4.25
0.0262452,56,16,-4.25
0.0232943,64,16,-4.25
0.0163392,-72,24,-4.25
0.0219903,-64,24,-4.25
0.0223949,-56,24,-4.25
0.0223867,-48,24,-4.25
0.0181369,-40,24,-4.25
0.00922609,-32,24,-4.25
-0.00512097,-24,24,-4.25
-0.0158872,0,24,-4.25
0.00705553,8,24,-4.25
0.0234788,16,24,-4.25
0.0240583,24,24,-4.25
0.026477,32,24,-4.25
0.0254493,40,24,-4.25
0.0262935,48,24,-4.25
0.0257988,56,24,-4.25
0.0212072,64,24,-4.25
0.0158985,-72,32,-4.25
0.0217749,-64,32,-4.25
0.0234569,-56,32,-4.25
0.024212,-48,32,-4.25
0.0194558,-40,32,-4.25
0.0118216,-32,32,-4.25
0.00387251,-24,32,-4.25
-0.00461402,-16,32,-4.25
-0.0155026,-8,32,-4.25
-0.0110401,0,32,-4.25
0.00845908,8,32,-4.25
0.0190994,16,32,-4.25
0.0202007,24,32,-4.25
0.0260145,32,32,-4.25
0.0257932,40,32,-4.25
0.0268111,48,32,-4.25
0.0236613,56,32,-4.25
0.0143934,64,32,-4.25
0.0242941,-64,40,-4.25
0.0240755,-56,40,-4.25
0.0224319,-48,40,-4.25
0.0190474,-40,40,-4.25
0.0115697,-32,40,-4.25
0.00590624,-24,40,-4.25
0.0202251,16,40,-4.25
0.0198093,24,40,-4.25
0.0256525,32,40,-4.25
0.0260458,40,40,-4.25
0.0267385,48,40,-4.25
0.0222014,56,40,-4.25
0.0126015,64,40,-4.25
0.0190381,-64,48,-4.25
0.0217979,-56,48,-4.25
0.0206016,-48,48,-4.25
0.0178808,-40,48,-4.25
0.0105946,-32,48,-4.25
0.00210452,-24,48,-4.25
0.0177389,24,48,-4.25
0.0240754,32,48,-4.25
0.0250821,40,48,-4.25
0.0253696,48,48,-4.25
0.0221831,56,48,-4.25
0.00834649,-64,56,-4.25
0.018335,-56,56,-4.25
0.020758,-48,56,-4.25
0.0192845,-40,56,-4.25
0.0111059,-32,56,-4.25
0.0154654,24,56,-4.25
0.0218107,32,56,-4.25
0.0227827,40,56,-4.25
0.0235141,48,56,-4.25
0.0208556,56,56,-4.25
0.0159231,-56,64,-4.25
0.0228301,-48,64,-4.25
0.0204929,-40,64,-4.25
0.0132337,-32,64,-4.25
0.0164481,24,64,-4.25
0.0206833,32,64,-4.25
0.0246142,40,64,-4.25
0.0258202,48,64,-4.25
0.0165955,-56,72,-4.25
0.0249748,-48,72,-4.25
0.0239749,-40,72,-4.25
0.0157575,-32,72,-4.25
0.0203545,24,72,-4.25
0.0193178,32,72,-4.25
0.0237737,40,72,-4.25
0.0268123,48,72,-4.25
0.0320246,-48,80,-4.25
0.0306492,-40,80,-4.25
0.0199917,-32,80,-4.25
0.0188171,24,80,-4.25
0.0182139,32,80,-4.25
0.0234848,40,80,-4.25
0.0172693,-56,-88,3.75
0.0174043,-48,-88,3.75
0.0177624,-64,-80,3.75
0.0200566,-56,-80,3.75
0.0188678,-48,-80,3.75
0.0147287,-40,-80,3.75
-0.00933355,40,-80,3.75
-0.065021,48,-80,3.75
0.0203054,-64,-72,3.75
0.0209347,-56,-72,3.75
0.0202421,-48,-72,3.75
0.0159148,-40,-72,3.75
0.0141085,40,-72,3.75
-0.0338013,48,-72,3.75
-0.0512707,56,-72,3.75
0.0202781,-64,-64,3.75
0.02074,-56,-64,3.75
0.0197435,-48,-64,3.75
0.0153567,-40,-64,3.75
0.0361203,40,-64,3.75
-0.00374189,48,-64,3.75
-0.0155637,56,-64,3.75
0.0212859,-72,-56,3.75
0.0211391,-64,-56,3.75
0.0209573,-56,-56,3.75
0.019907,-48,-56,3.75
0.0133333,-40,-56,3.75
0.0149893,48,-56,3.75
0.0122685,56,-56,3.75
0.0232397,-72,-48,3.75
0.022622,-64,-48,3.75
0.0212888,-56,-48,3.75
0.0209359,-48,-48,3.75
0.0144602,-40,-48,3.75
0.0239998,48,-48,3.75
0.0263464,56,-48,3.75
0.0308536,64,-48,3.75
0.0224224,-72,-40,3.75
0.0220719,-64,-40,3.75
0.020511,-56,-40,3.75
0.0211017,-48,-40,3.75
0.016371,-40,-40,3.75
0.0227541,48,-40,3.75
0.0265527,56,-40,3.75
0.0313609,64,-40,3.75
0.0207799,-72,-32,3.75
0.0221748,-64,-32,3.75
0.022212,-56,-32,3.75
0.0234395,-48,-32,3.75
0.0233769,-40,-32,3.75
0.0244435,40,-32,3.75
0.0248266,48,-32,3.75
0.0255102,56,-32,3.75
0.0280059,64,-32,3.75
0.0254269,-72,-24,3.75
0.025058,-64,-24,3.75
0.0244006,-56,-24,3.75
0.0233721,-48,-24,3.75
0.0226383,-40,-24,3.75
0.0243679,40,-24,3.75
0.0244506,48,-24,3.75
0.0243386,56,-24,3.75
0.0268326,64,-24,3.75
0.0270793,-72,-16,3.75
0.0260569,-64,-16,3.75
0.0238104,-56,-16,3.75
0.0191257,-48,-16,3.75
0.0250419,40,-16,3.75
0.0237772,48,-16,3.75
0.0242833,56,-16,3.75
0.0254444,64,-16,3.75
0.0219008,-80,-8,3.75
0.0259675,-72,-8,3.75
0.0247851,-64,-8,3.75
0.0208721,-56,-8,3.75
0.0138091,-48,-8,3.75
0.0185643,32,-8,3.75
0.0244586,40,-8,3.75
0.0238,48,-8,3.75
0.0263487,56,-8,3.75
0.0276228,64,-8,3.75
0.0249703,-80,0,3.75
0.0254959,-72,0,3.75
0.0236356,-64,0,3.75
0.0186181,-56,0,3.75
0.00671014,-48,0,3.75
0.0238991,24,0,3.75
0.0259031,32,0,3.75
0.0247893,40,0,3.75
0.0245852,48,0,3.75
0.0273969,56,0,3.75
0.0278079,64,0,3.75
0.0215859,72,0,3.75
0.0249348,-72,8,3.75
0.0227276,-64,8,3.75
0.0174625,-56,8,3.75
0.00552417,-48,8,3.75
-0.00459786,-24,8,3.75
-0.00731562,-16,8,3.75
0.0264437,24,8,3.75
0.0258391,32,8,3.75
0.0246746,40,8,3.75
0.0250927,48,8,3.75
0.0270114,56,8,3.75
0.0265881,64,8,3.75
0.0158786,72,8,3.75
0.0229983,-72,16,3.75
0.0215629,-64,16,3.75
0.0172902,-56,16,3.75
0.0108444,-48,16,3.75
0.000876001,-40,16,3.75
-0.00616679,-24,16,3.75
0.0164628,16,16,3.75
0.0237649,24,16,3.75
0.0252005,32,16,3.75
0.0246326,40,16,3.75
0.0255263,48,16,3.75
0.0265359,56,16,3.75
0.0253353,64,16,3.75
0.015562,-72,24,3.75
0.0192334,-64,24,3.75
0.0188767,-56,24,3.75
0.0169017,-48,24,3.75
0.0119284,-40,24,3.75
0.00538794,-32,24,3.75
-0.00205337,-24,24,3.75
0.0149959,16,24,3.75
0.0229381,24,24,3.75
0.0255909,32,24,3.75
0.0248253,40,24,3.75
0.0259902,48,24,3.75
0.0255864,56,24,3.75
0.022797,64,24,3.75
0.0116401,-72,32,3.75
0.0185655,-64,32,3.75
0.0207897,-56,32,3.75
0.0209875,-48,32,3.75
0.0176087,-40,32,3.75
0.0118687,-32,32,3.75
0.0021105,-24,32,3.75
-0.0136109,-8,32,3.75
0.000315066,0,32,3.75
0.00294282,8,32,3.75
0.0164618,16,32,3.75
0.0225902,24,32,3.75
0.0253499,32,32,3.75
0.024963,40,32,3.75
0.0259975,48,32,3.75
0.0240118,56,32,3.75
0.0187056,64,32,3.75
0.0135667,-72,40,3.75
0.0205002,-64,40,3.75
0.0214882,-56,40,3.75
0.0204406,-48,40,3.75
0.0180497,-40,40,3.75
0.0123307,-32,40,3.75
0.00369935,-24,40,3.75
-0.0139793,-16,40,3.75
-0.0125347,0,40,3.75
0.00323287,8,40,3.75
0.0189691,16,40,3.75
0.0219473,24,40,3.75
0.0242726,32,40,3.75
0.0246562,40,40,3.75
0.0253251,48,40,3.75
0.0217388,56,40,3.75
0.0147432,64,40,3.75
0.0188804,-64,48,3.75
0.0198678,-56,48,3.75
0.0186054,-48,48,3.75
0.0170344,-40,48,3.75
0.0117177,-32,48,3.75
-0.000301121,-24,48,3.75
0.0170986,16,48,3.75
0.0199286,24,48,3.75
0.0230487,32,48,3.75
0.024394,40,48,3.75
0.0247509,48,48,3.75
0.0199603,56,48,3.75
0.0116525,64,48,3.75
0.0123195,-64,56,3.75
0.0174269,-56,56,3.75
0.0185,-48,56,3.75
0.0183989,-40,56,3.75
0.0121845,-32,56,3.75
0.00456711,-24,56,3.75
0.00234318,16,56,3.75
0.0156989,24,56,3.75
0.0223566,32,56,3.75
0.0241402,40,56,3.75
0.0246072,48,56,3.75
0.0206718,56,56,3.75
0.00488032,-64,64,3.75
0.0158585,-56,64,3.75
0.0195842,-48,64,3.75
0.0198342,-40,64,3.75
0.0166705,-32,64,3.75
0.0138967,24,64,3.75
0.0221478,32,64,3.75
0.0251569,40,64,3.75
0.0257483,48,64,3.75
0.0248054,56,64,3.75
0.0166991,-56,72,3.75
0.0217134,-48,72,3.75
0.0220189,-40,72,3.75
0.0168016,-32,72,3.75
0.0126373,-24,72,3.75
0.0186917,24,72,3.75
0.0216253,32,72,3.75
0.0248307,40,72,3.75
0.0249412,48,72,3.75
0.0239644,-56,80,3.75
0.025179,-48,80,3.75
0.0255154,-40,80,3.75
0.0186934,-32,80,3.75
0.0187159,24,80,3.75
0.0209811,32,80,3.75
0.0234757,40,80,3.75
0.0285509,-40,88,3.75
0.0206545,-32,88,3.75
0.0162634,24,88,3.75
0.0158253,32,88,3.75
0.010066,48,-96,11.75
0.00971039,-64,-88,11.75
0.0190469,-56,-88,11.75
0.022507,-48,-88,11.75
-0.0328433,40,-88,11.75
-0.040667,48,-88,11.75
0.0163688,-64,-80,11.75
0.0209987,-56,-80,11.75
0.0230775,-48,-80,11.75
0.0145346,-40,-80,11.75
-0.0303179,40,-80,11.75
-0.0557736,48,-80,11.75
-0.0626934,56,-80,11.75
0.0170122,-64,-72,11.75
0.0209864,-56,-72,11.75
0.0228485,-48,-72,11.75
0.0143858,-40,-72,11.75
0.00785562,-32,-72,11.75
-0.00674577,40,-72,11.75
-0.0311742,48,-72,11.75
-0.0427514,56,-72,11.75
0.00473941,-72,-64,11.75
0.016295,-64,-64,11.75
0.0206526,-56,-64,11.75
0.0215354,-48,-64,11.75
0.0123101,-40,-64,11.75
0.00683427,-32,-64,11.75
0.0235031,40,-64,11.75
-0.00277952,48,-64,11.75
-0.0108392,56,-64,11.75
0.00775041,-72,-56,11.75
0.0161276,-64,-56,11.75
0.0204128,-56,-56,11.75
0.0206469,-48,-56,11.75
0.00943793,-40,-56,11.75
0.00405899,-32,-56,11.75
0.0441575,40,-56,11.75
0.0182806,48,-56,11.75
0.0155465,56,-56,11.75
0.0187213,64,-56,11.75
0.0132015,-72,-48,11.75
0.0165899,-64,-48,11.75
0.0183398,-56,-48,11.75
0.0186802,-48,-48,11.75
0.010013,-40,-48,11.75
0.00686169,-32,-48,11.75
0.0,-24,-48,11.75
0.0184903,40,-48,11.75
0.021981,48,-48,11.75
0.0238393,56,-48,11.75
0.0256001,64,-48,11.75
0.014381,-72,-40,11.75
0.0154811,-64,-40,11.75
0.0152827,-56,-40,11.75
0.0155011,-48,-40,11.75
0.00985462,-40,-40,11.75
0.00685852,-32,-40,11.75
0.0068753,-24,-40,11.75
0.0186689,40,-40,11.75
0.0225962,48,-40,11.75
0.0254199,56,-40,11.75
0.0279449,64,-40,11.75
0.0160693,-72,-32,11.75
0.0160787,-64,-32,11.75
0.0162898,-56,-32,11.75
0.0159502,-48,-32,11.75
0.0147915,-40,-32,11.75
0.0156681,-32,-32,11.75
0.00509249,-24,-32,11.75
0.0256738,32,-32,11.75
0.0249538,40,-32,11.75
0.0255071,48,-32,11.75
0.0242565,56,-32,11.75
0.023842,64,-32,11.75
0.013062,-80,-24,11.75
0.0204412,-72,-24,11.75
0.0188045,-64,-24,11.75
0.0172727,-56,-24,11.75
0.0138685,-48,-24,11.75
0.0114593,-40,-24,11.75
0.00999872,-32,-24,11.75
0.00393805,-24,-24,11.75
0.017319,32,-24,11.75
0.0240103,40,-24,11.75
0.0240982,48,-24,11.75
0.02239,56,-24,11.75
0.0225167,64,-24,11.75
0.0259673,72,-24,11.75
0.0201366,-80,-16,11.75
0.0222623,-72,-16,11.75
0.0212465,-64,-16,11.75
0.0180634,-56,-16,11.75
0.0119065,-48,-16,11.75
0.00727097,-40,-16,11.75
7.21572e-05,-32,-16,11.75
0.0067496,-24,-16,11.75
0.0153873,32,-16,11.75
0.021496,40,-16,11.75
0.0210884,48,-16,11.75
0.0202988,56,-16,11.75
0.0206552,64,-16,11.75
0.0219684,72,-16,11.75
0.0172423,-80,-8,11.75
0.0209953,-72,-8,11.75
0.0210057,-64,-8,11.75
0.0176205,-56,-8,11.75
0.00890477,-48,-8,11.75
-0.000861951,-24,-8,11.75
0.0206145,-16,-8,11.75
0.014928,24,-8,11.75
0.0178945,32,-8,11.75
0.0203086,40,-8,11.75
0.0196272,48,-8,11.75
0.0199577,56,-8,11.75
0.0203859,64,-8,11.75
0.0214985,72,-8,11.75
0.0228394,-80,0,11.75
0.022321,-72,0,11.75
0.0196666,-64,0,11.75
0.0152013,-56,0,11.75
-0.000236028,-48,0,11.75
-0.0149509,-16,0,11.75
0.0222091,24,0,11.75
0.0213437,32,0,11.75
0.0209459,40,0,11.75
0.0200346,48,0,11.75
0.021286,56,0,11.75
0.0221911,64,0,11.75
0.0236198,72,0,11.75
0.0253367,-72,8,11.75
0.0193048,-64,8,11.75
0.012767,-56,8,11.75
-0.00316131,-48,8,11.75
-0.00782748,-24,8,11.75
-0.0108071,-16,8,11.75
0.0151479,16,8,11.75
0.0207162,24,8,11.75
0.0224299,32,8,11.75
0.0223956,40,8,11.75
0.0214892,48,8,11.75
0.0222077,56,8,11.75
0.0231907,64,8,11.75
0.0244127,72,8,11.75
0.0232887,-72,16,11.75
0.0185584,-64,16,11.75
0.0124436,-56,16,11.75
0.00172426,-48,16,11.75
-0.00350132,-24,16,11.75
0.0131762,16,16,11.75
0.020132,24,16,11.75
0.0241535,32,16,11.75
0.024651,40,16,11.75
0.0237667,48,16,11.75
0.0232816,56,16,11.75
0.0245922,64,16,11.75
0.026535,72,16,11.75
0.0205513,-72,24,11.75
0.0174393,-64,24,11.75
0.0139484,-56,24,11.75
0.00884725,-48,24,11.75
0.00266114,-40,24,11.75
-0.000421161,-32,24,11.75
9.8303e-05,-24,24,11.75
-0.0056062,0,24,11.75
0.00567511,8,24,11.75
0.0132756,16,24,11.75
0.021516,24,24,11.75
0.025855,32,24,11.75
0.0262872,40,24,11.75
0.0253652,48,24,11.75
0.0238649,56,24,11.75
0.0245733,64,24,11.75
0.0253215,72,24,11.75
0.0120727,-72,32,11.75
0.015732,-64,32,11.75
0.0174331,-56,32,11.75
0.0169577,-48,32,11.75
0.0113953,-40,32,11.75
0.00612179,-32,32,11.75
-0.00148997,-24,32,11.75
-0.01103,-8,32,11.75
0.000363795,0,32,11.75
0.00689055,8,32,11.75
0.0142841,16,32,11.75
0.0223526,24,32,11.75
0.0260485,32,32,11.75
0.0265543,40,32,11.75
0.0256519,48,32,11.75
0.0241295,56,32,11.75
0.0246386,64,32,11.75
0.0101624,-72,40,11.75
0.014615,-64,40,11.75
0.0174071,-56,40,11.75
0.017565,-48,40,11.75
0.0141537,-40,40,11.75
0.00958411,-32,40,11.75
-0.000579903,-24,40,11.75
-0.0129138,-16,40,11.75
-0.00994169,0,40,11.75
0.00451942,8,40,11.75
0.0143193,16,40,11.75
0.0212663,24,40,11.75
0.0246751,32,40,11.75
0.0254382,40,40,11.75
0.0247908,48,40,11.75
0.0235633,56,40,11.75
0.0238128,64,40,11.75
0.0126885,-64,48,11.75
0.0157527,-56,48,11.75
0.0162947,-48,48,11.75
0.0146135,-40,48,11.75
0.00983817,-32,48,11.75
-0.00140243,-24,48,11.75
0.00427006,8,48,11.75
0.0128278,16,48,11.75
0.0191009,24,48,11.75
0.0228222,32,48,11.75
0.0240094,40,48,11.75
0.0239186,48,48,11.75
0.0215254,56,48,11.75
0.0203009,64,48,11.75
0.009525,-64,56,11.75
0.0137237,-56,56,11.75
0.016121,-48,56,11.75
0.016621,-40,56,11.75
0.0122214,-32,56,11.75
0.00406465,-24,56,11.75
0.00668079,16,56,11.75
0.0161284,24,56,11.75
0.0209019,32,56,11.75
0.0229937,40,56,11.75
0.0228987,48,56,11.75
0.0199804,56,56,11.75
0.0033317,-64,64,11.75
0.0116987,-56,64,11.75
0.016759,-48,64,11.75
0.019146,-40,64,11.75
0.0187383,-32,64,11.75
0.0162631,-24,64,11.75
0.00341241,16,64,11.75
0.0134035,24,64,11.75
0.0204125,32,64,11.75
0.0225347,40,64,11.75
0.0221907,48,64,11.75
0.0189294,56,64,11.75
0.0134864,-56,72,11.75
0.0183378,-48,72,11.75
0.020614,-40,72,11.75
0.0183773,-32,72,11.75
0.0130562,-24,72,11.75
0.0152844,16,72,11.75
0.0176888,24,72,11.75
0.0201706,32,72,11.75
0.0217481,40,72,11.75
0.0196547,48,72,11.75
0.0192471,-56,80,11.75
0.0209477,-48,80,11.75
0.0224097,-40,80,11.75
0.0187495,-32,80,11.75
0.0146632,-24,80,11.75
0.0180561,24,80,11.75
0.0203705,32,80,11.75
0.0203764,40,80,11.75
0.014982,48,80,11.75
0.0266376,-48,88,11.75
0.0234785,-40,88,11.75
0.0187668,-32,88,11.75
0.0185301,24,88,11.75
0.0185553,32,88,11.75
-0.0281571,40,-96,19.75
-0.0538685,48,-96,19.75
0.00694158,-64,-88,19.75
0.0186335,-56,-88,19.75
-0.0409136,40,-88,19.75
-0.0549771,48,-88,19.75
-0.0444914,56,-88,19.75
0.0196223,-64,-80,19.75
0.0253824,-56,-80,19.75
-0.0201199,40,-80,19.75
-0.0366557,48,-80,19.75
-0.0382152,56,-80,19.75
0.0247398,-64,-72,19.75
0.0276503,-56,-72,19.75
-0.00968763,40,-72,19.75
-0.0195348,48,-72,19.75
-0.0233078,56,-72,19.75
0.00763781,-72,-64,19.75
0.0262332,-64,-64,19.75
0.0271823,-56,-64,19.75
0.00713817,40,-64,19.75
-0.00523336,48,-64,19.75
-0.0101333,56,-64,19.75
-0.00888037,64,-64,19.75
0.0130951,-72,-56,19.75
0.0271134,-64,-56,19.75
0.0259537,-56,-56,19.75
0.0174641,48,-56,19.75
0.0164879,56,-56,19.75
0.0176138,64,-56,19.75
0.0182054,-72,-48,19.75
0.0241216,-64,-48,19.75
0.0178933,-56,-48,19.75
0.0214774,48,-48,19.75
0.0223222,56,-48,19.75
0.0194989,64,-48,19.75
0.0130661,-72,-40,19.75
0.0155862,-64,-40,19.75
0.00965701,-56,-40,19.75
0.0213894,48,-40,19.75
0.0217759,56,-40,19.75
0.0215991,64,-40,19.75
0.0181414,72,-40,19.75
-0.00489908,-80,-32,19.75
0.0132799,-72,-32,19.75
0.0133158,-64,-32,19.75
0.0107432,-56,-32,19.75
0.0143158,-48,-32,19.75
0.0213151,40,-32,19.75
0.0229844,48,-32,19.75
0.0212462,56,-32,19.75
0.0209466,64,-32,19.75
0.0205384,72,-32,19.75
0.00692673,-80,-24,19.75
0.0149743,-72,-24,19.75
0.013671,-64,-24,19.75
0.0085648,-56,-24,19.75
0.00744637,-48,-24,19.75
0.0241077,40,-24,19.75
0.0238324,48,-24,19.75
0.0213248,56,-24,19.75
0.0216058,64,-24,19.75
0.0225699,72,-24,19.75
0.0162558,-80,-16,19.75
0.0175932,-72,-16,19.75
0.0185502,-64,-16,19.75
0.00944921,-56,-16,19.75
0.00272934,-48,-16,19.75
-0.00406835,-40,-16,19.75
0.0132749,32,-16,19.75
0.0204989,40,-16,19.75
0.020608,48,-16,19.75
0.0195735,56,-16,19.75
0.0204124,64,-16,19.75
0.0206922,72,-16,19.75
0.0160201,-80,-8,19.75
0.0171938,-72,-8,19.75
0.0197998,-64,-8,19.75
0.0136284,-56,-8,19.75
0.00395125,-48,-8,19.75
-0.020981,-40,-8,19.75
-0.0177238,-32,-8,19.75
-0.00439392,-24,-8,19.75
0.0248468,-16,-8,19.75
0.0120692,16,-8,19.75
0.0101923,24,-8,19.75
0.0150863,32,-8,19.75
0.0176345,40,-8,19.75
0.0177967,48,-8,19.75
0.0177827,56,-8,19.75
0.0196235,64,-8,19.75
0.0210258,72,-8,19.75
0.017243,-80,0,19.75
0.017692,-72,0,19.75
0.0173108,-64,0,19.75
0.0129397,-56,0,19.75
-0.00158254,-48,0,19.75
-0.0214207,-24,0,19.75
-0.0223002,-16,0,19.75
-0.0157297,-8,0,19.75
0.00974267,0,0,19.75
0.0114262,8,0,19.75
0.013638,16,0,19.75
0.0131679,24,0,19.75
0.0145248,32,0,19.75
0.0164049,40,0,19.75
0.0159228,48,0,19.75
0.0167679,56,0,19.75
0.0201025,64,0,19.75
0.023169,72,0,19.75
0.0219632,-80,8,19.75
0.0199215,-72,8,19.75
0.0141209,-64,8,19.75
0.00727006,-56,8,19.75
-0.00906473,-48,8,19.75
-0.00402742,-24,8,19.75
-0.00444212,-16,8,19.75
-0.00904112,-8,8,19.75
0.00350183,0,8,19.75
0.00624369,8,8,19.75
0.0124375,16,8,19.75
0.013626,24,8,19.75
0.0168058,32,8,19.75
0.0194493,40,8,19.75
0.0187663,48,8,19.75
0.0184902,56,8,19.75
0.020795,64,8,19.75
0.0223441,72,8,19.75
0.0228175,-80,16,19.75
0.0201676,-72,16,19.75
0.0141393,-64,16,19.75
0.00704558,-56,16,19.75
-0.00760404,-48,16,19.75
0.00382259,-24,16,19.75
0.000745998,-16,16,19.75
-0.00537829,-8,16,19.75
8.33962e-05,8,16,19.75
0.00918002,16,16,19.75
0.0157226,24,16,19.75
0.020458,32,16,19.75
0.02232,40,16,19.75
0.0217293,48,16,19.75
0.0201575,56,16,19.75
0.0213261,64,16,19.75
0.0213562,72,16,19.75
0.0218399,-80,24,19.75
0.0204149,-72,24,19.75
0.0150982,-64,24,19.75
0.00950728,-56,24,19.75
0.00122082,-48,24,19.75
0.00315558,-24,24,19.75
0.00424745,-16,24,19.75
-0.00313801,-8,24,19.75
-0.00283369,0,24,19.75
0.00437266,8,24,19.75
0.0106049,16,24,19.75
0.0184674,24,24,19.75
0.023429,32,24,19.75
0.0253423,40,24,19.75
0.0242612,48,24,19.75
0.0222634,56,24,19.75
0.0223437,64,24,19.75
0.0203616,72,24,19.75
0.0185944,-72,32,19.75
0.0158916,-64,32,19.75
0.0159442,-56,32,19.75
0.0146682,-48,32,19.75
0.00785726,-40,32,19.75
-0.000637237,-24,32,19.75
-0.000432709,-16,32,19.75
-0.00485621,-8,32,19.75
0.000687197,0,32,19.75
0.0074577,8,32,19.75
0.0125249,16,32,19.75
0.0204587,24,32,19.75
0.0251025,32,32,19.75
0.0275658,40,32,19.75
0.0264413,48,32,19.75
0.0251033,56,32,19.75
0.0254132,64,32,19.75
0.0229191,72,32,19.75
0.0158639,-72,40,19.75
0.0148104,-64,40,19.75
0.0173702,-56,40,19.75
0.0171965,-48,40,19.75
0.0127224,-40,40,19.75
0.00666488,-32,40,19.75
-0.000360798,-24,40,19.75
-0.00727994,-16,40,19.75
-0.00853847,0,40,19.75
0.00594311,8,40,19.75
0.0119495,16,40,19.75
0.018835,24,40,19.75
0.0242267,32,40,19.75
0.0269466,40,40,19.75
0.0263993,48,40,19.75
0.0266825,56,40,19.75
0.0273989,64,40,19.75
0.0235304,72,40,19.75
0.00782257,-72,48,19.75
0.0118189,-64,48,19.75
0.015017,-56,48,19.75
0.0160331,-48,48,19.75
0.0128411,-40,48,19.75
0.00808423,-32,48,19.75
0.00102987,-24,48,19.75
0.00166737,8,48,19.75
0.00909307,16,48,19.75
0.0171577,24,48,19.75
0.0226422,32,48,19.75
0.0243684,40,48,19.75
0.0247002,48,48,19.75
0.0252408,56,48,19.75
0.0255776,64,48,19.75
0.00996142,-64,56,19.75
0.0134353,-56,56,19.75
0.0156132,-48,56,19.75
0.0148155,-40,56,19.75
0.0113892,-32,56,19.75
0.00551936,-24,56,19.75
0.00257824,16,56,19.75
0.0136509,24,56,19.75
0.0194729,32,56,19.75
0.0217609,40,56,19.75
0.022473,48,56,19.75
0.0229192,56,56,19.75
0.0227091,64,56,19.75
0.00236531,-64,64,19.75
0.0112973,-56,64,19.75
0.0170058,-48,64,19.75
0.0186885,-40,64,19.75
0.0183853,-32,64,19.75
0.0171379,-24,64,19.75
0.0027353,16,64,19.75
0.0113375,24,64,19.75
0.0171849,32,64,19.75
0.0192408,40,64,19.75
0.0204188,48,64,19.75
0.0210695,56,64,19.75
0.0177694,64,64,19.75
0.0115721,-56,72,19.75
0.0193769,-48,72,19.75
0.022074,-40,72,19.75
0.0210712,-32,72,19.75
0.0178317,-24,72,19.75
0.00524946,16,72,19.75
0.0127687,24,72,19.75
0.0165021,32,72,19.75
0.0183071,40,72,19.75
0.0209176,48,72,19.75
0.0212937,56,72,19.75
0.0132631,-56,80,19.75
0.0204268,-48,80,19.75
0.0236874,-40,80,19.75
0.0214261,-32,80,19.75
0.018234,-24,80,19.75
0.0147331,16,80,19.75
0.0153314,24,80,19.75
0.0163547,32,80,19.75
0.01793,40,80,19.75
0.0213409,48,80,19.75
0.023058,-48,88,19.75
0.0239178,-40,88,19.75
0.0214011,-32,88,19.75
0.0187201,24,88,19.75
0.0181606,32,88,19.75
0.0193931,40,88,19.75
0.0,48,-104,27.75
-0.0386319,48,-96,27.75
-0.0417171,48,-88,27.75
-0.0264339,56,-88,27.75
-0.0117973,48,-80,27.75
-0.0187844,56,-80,27.75
0.0320009,-72,-72,27.75
0.00846711,56,-72,27.75
0.0157254,-72,-64,27.75
-0.00311166,56,-64,27.75
-0.0243723,64,-64,27.75
0.0303634,-72,-56,27.75
0.0135275,64,-56,27.75
0.0132966,-80,-48,27.75
0.0360989,-72,-48,27.75
0.0247146,64,-48,27.75
0.0153641,72,-48,27.75
0.00870269,-80,-40,27.75
0.0249343,-72,-40,27.75
0.0224172,64,-40,27.75
0.0132129,72,-40,27.75
0.00435879,-80,-32,27.75
0.0148948,-72,-32,27.75
0.0192816,64,-32,27.75
0.0138375,72,-32,27.75
0.0113044,-80,-24,27.75
0.0174935,-72,-24,27.75
0.0191235,56,-24,27.75
0.0208263,64,-24,27.75
0.017044,72,-24,27.75
0.0181826,-80,-16,27.75
0.0189603,-72,-16,27.75
0.0211659,48,-16,27.75
0.0174811,56,-16,27.75
0.0205813,64,-16,27.75
0.0182133,72,-16,27.75
0.0173248,-80,-8,27.75
0.0151647,-72,-8,27.75
0.0191278,-64,-8,27.75
0.0213293,48,-8,27.75
0.0179204,56,-8,27.75
0.0205613,64,-8,27.75
0.0186851,72,-8,27.75
0.0183735,-88,0,27.75
0.017151,-80,0,27.75
0.0124565,-72,0,27.75
0.0145549,-64,0,27.75
0.0178625,32,0,27.75
0.0199664,40,0,27.75
0.0158863,48,0,27.75
0.015536,56,0,27.75
0.0195655,64,0,27.75
0.0210828,72,0,27.75
0.0115195,80,0,27.75
0.0204193,-88,8,27.75
0.0165261,-80,8,27.75
0.0129822,-72,8,27.75
0.00715664,-64,8,27.75
-0.00238723,-56,8,27.75
-0.0182108,-48,8,27.75
0.018007,16,8,27.75
0.0161069,24,8,27.75
0.0166214,32,8,27.75
0.0248896,40,8,27.75
0.021403,48,8,27.75
0.0183589,56,8,27.75
0.0216137,64,8,27.75
0.0221347,72,8,27.75
0.0103314,80,8,27.75
0.0161492,-80,16,27.75
0.0134698,-72,16,27.75
0.0082385,-64,16,27.75
-0.00065041,-56,16,27.75
0.027058,-24,16,27.75
0.0141886,-16,16,27.75
0.0125146,-8,16,27.75
0.0118655,0,16,27.75
0.00415757,8,16,27.75
0.0095177,16,16,27.75
0.012944,24,16,27.75
0.0189483,32,16,27.75
0.0218238,40,16,27.75
0.0209702,48,16,27.75
0.0184107,56,16,27.75
0.0202382,64,16,27.75
0.0198951,72,16,27.75
0.00908413,80,16,27.75
0.016329,-80,24,27.75
0.0157451,-72,24,27.75
0.0106913,-64,24,27.75
0.00334727,-56,24,27.75
-0.00724907,-48,24,27.75
0.0160894,-16,24,27.75
0.00734073,-8,24,27.75
0.00615885,0,24,27.75
0.00741353,8,24,27.75
0.0103582,16,24,27.75
0.017016,24,24,27.75
0.0202704,32,24,27.75
0.0234481,40,24,27.75
0.0226856,48,24,27.75
0.0201731,56,24,27.75
0.0199281,64,24,27.75
0.017363,72,24,27.75
0.00597734,80,24,27.75
0.0142338,-80,32,27.75
0.0165005,-72,32,27.75
0.0147926,-64,32,27.75
0.0139387,-56,32,27.75
0.0128759,-48,32,27.75
0.00647649,-40,32,27.75
0.00377674,-24,32,27.75
0.003568,-16,32,27.75
-0.00169651,-8,32,27.75
0.00320698,0,32,27.75
0.0100948,8,32,27.75
0.0127496,16,32,27.75
0.0196856,24,32,27.75
0.0232727,32,32,27.75
0.0261366,40,32,27.75
0.0251695,48,32,27.75
0.0228861,56,32,27.75
0.0220092,64,32,27.75
0.0187728,72,32,27.75
0.00730584,80,32,27.75
0.0127152,-72,40,27.75
0.0150052,-64,40,27.75
0.0174978,-56,40,27.75
0.0166865,-48,40,27.75
0.0123443,-40,40,27.75
0.00579462,-32,40,27.75
-0.000576168,-24,40,27.75
-0.00767162,-16,40,27.75
-0.003269,0,40,27.75
0.0119526,8,40,27.75
0.0152647,16,40,27.75
0.02,24,40,27.75
0.0246888,32,40,27.75
0.0266397,40,40,27.75
0.0256497,48,40,27.75
0.0252763,56,40,27.75
0.024715,64,40,27.75
0.0220283,72,40,27.75
0.0109226,-72,48,27.75
0.0138438,-64,48,27.75
0.0168484,-56,48,27.75
0.0169956,-48,48,27.75
0.012858,-40,48,27.75
0.00704894,-32,48,27.75
-0.000821879,-24,48,27.75
0.0081505,8,48,27.75
0.0118422,16,48,27.75
0.0181128,24,48,27.75
0.0232556,32,48,27.75
0.0242338,40,48,27.75
0.0240474,48,48,27.75
0.0248483,56,48,27.75
0.0252542,64,48,27.75
0.022358,72,48,27.75
0.0117882,-64,56,27.75
0.0156431,-56,56,27.75
0.0165162,-48,56,27.75
0.0145708,-40,56,27.75
0.00973323,-32,56,27.75
0.00271441,-24,56,27.75
0.00492638,16,56,27.75
0.0136477,24,56,27.75
0.0194505,32,56,27.75
0.0212241,40,56,27.75
0.0216739,48,56,27.75
0.0232707,56,56,27.75
0.0240456,64,56,27.75
0.0198146,72,56,27.75
0.0053743,-64,64,27.75
0.0137476,-56,64,27.75
0.0175005,-48,64,27.75
0.0173261,-40,64,27.75
0.0161086,-32,64,27.75
0.0160902,-24,64,27.75
0.0051508,16,64,27.75
0.0108688,24,64,27.75
0.0156949,32,64,27.75
0.0175916,40,64,27.75
0.0187589,48,64,27.75
0.0206609,56,64,27.75
0.0189616,64,64,27.75
0.0140291,-56,72,27.75
0.0203566,-48,72,27.75
0.0207135,-40,72,27.75
0.0190674,-32,72,27.75
0.0165921,-24,72,27.75
0.00668518,16,72,27.75
0.010265,24,72,27.75
0.0132094,32,72,27.75
0.0156343,40,72,27.75
0.0181631,48,72,27.75
0.0201165,56,72,27.75
0.0166226,64,72,27.75
0.0122256,-56,80,27.75
0.0210148,-48,80,27.75
0.0221862,-40,80,27.75
0.020071,-32,80,27.75
0.017006,-24,80,27.75
0.00874658,16,80,27.75
0.00896205,24,80,27.75
0.00965535,32,80,27.75
0.0130912,40,80,27.75
0.0170252,48,80,27.75
0.0213898,56,80,27.75
0.022016,-48,88,27.75
0.0226045,-40,88,27.75
0.0202241,-32,88,27.75
0.0183344,-24,88,27.75
0.00592297,24,88,27.75
0.00577833,32,88,27.75
0.0110047,40,88,27.75
0.0161112,48,88,27.75
0.0215446,-40,96,27.75
0.0186316,-32,96,27.75
0.0,48,-104,35.75
-0.0602346,48,-96,35.75
0.01447,56,-96,35.75
0.000450891,56,-88,35.75
-0.0151594,56,-80,35.75
0.0,-80,-72,35.75
-0.00962247,64,-72,35.75
0.0,-80,-64,35.75
0.0212609,72,-64,35.75
0.0374127,72,-56,35.75
0.00499792,72,-48,35.75
-0.0177145,-88,-40,35.75
0.0100261,72,-40,35.75
0.000778187,-88,-32,35.75
0.0111672,72,-32,35.75
0.00616992,80,-32,35.75
0.0060536,-88,-24,35.75
0.0180061,72,-24,35.75
0.0102765,80,-24,35.75
0.00823276,-88,-16,35.75
0.0242704,72,-16,35.75
0.0169242,80,-16,35.75
0.0120192,-88,-8,35.75
0.0132463,-80,-8,35.75
0.027799,64,-8,35.75
0.0261056,72,-8,35.75
0.0185434,80,-8,35.75
0.0121384,-88,0,35.75
0.0109151,-80,0,35.75
0.0236427,64,0,35.75
0.0256063,72,0,35.75
0.0194504,80,0,35.75
0.0105857,-88,8,35.75
0.00935519,-80,8,35.75
0.00625185,-72,8,35.75
0.0235636,64,8,35.75
0.0267338,72,8,35.75
0.0175194,80,8,35.75
0.00848739,-88,16,35.75
0.00768819,-80,16,35.75
0.00857066,-72,16,35.75
0.00133904,-64,16,35.75
0.0227591,40,16,35.75
0.0200435,48,16,35.75
0.0156183,56,16,35.75
0.0201904,64,16,35.75
0.0230442,72,16,35.75
0.0143841,80,16,35.75
0.00831025,-88,24,35.75
0.00793082,-80,24,35.75
0.00981521,-72,24,35.75
0.00403926,-64,24,35.75
-0.00504884,-56,24,35.75
0.0198233,24,24,35.75
0.0164611,32,24,35.75
0.0215192,40,24,35.75
0.0201609,48,24,35.75
0.0187413,56,24,35.75
0.0196801,64,24,35.75
0.0186996,72,24,35.75
0.0102617,80,24,35.75
0.00709297,-80,32,35.75
0.0105617,-72,32,35.75
0.010191,-64,32,35.75
0.00794962,-56,32,35.75
-0.00523965,-16,32,35.75
-0.00851681,-8,32,35.75
0.00315335,0,32,35.75
0.0137707,8,32,35.75
0.0158523,16,32,35.75
0.0253856,24,32,35.75
0.0245299,32,32,35.75
0.0263032,40,32,35.75
0.0261023,48,32,35.75
0.0223078,56,32,35.75
0.0204303,64,32,35.75
0.0170121,72,32,35.75
0.00660267,80,32,35.75
0.00162804,-80,40,35.75
0.0103908,-72,40,35.75
0.0128441,-64,40,35.75
0.0139583,-56,40,35.75
0.0129516,-48,40,35.75
0.00915886,-40,40,35.75
0.00118153,-24,40,35.75
-0.00963412,-16,40,35.75
-0.00035622,0,40,35.75
0.0164777,8,40,35.75
0.0196744,16,40,35.75
0.0240894,24,40,35.75
0.026465,32,40,35.75
0.0276965,40,40,35.75
0.0263088,48,40,35.75
0.0237819,56,40,35.75
0.0219225,64,40,35.75
0.0176207,72,40,35.75
0.00636961,80,40,35.75
0.00930352,-72,48,35.75
0.0136346,-64,48,35.75
0.0162026,-56,48,35.75
0.0166719,-48,48,35.75
0.0119159,-40,48,35.75
0.00634184,-32,48,35.75
-0.000234202,-24,48,35.75
0.0125865,8,48,35.75
0.0177674,16,48,35.75
0.0228808,24,48,35.75
0.0261363,32,48,35.75
0.0253598,40,48,35.75
0.0239964,48,48,35.75
0.0230483,56,48,35.75
0.0225145,64,48,35.75
0.0187087,72,48,35.75
0.00573275,-72,56,35.75
0.0110616,-64,56,35.75
0.0152278,-56,56,35.75
0.016659,-48,56,35.75
0.0141527,-40,56,35.75
0.00917068,-32,56,35.75
0.00198689,-24,56,35.75
0.000778722,8,56,35.75
0.0107581,16,56,35.75
0.0177528,24,56,35.75
0.0227688,32,56,35.75
0.0228349,40,56,35.75
0.0218357,48,56,35.75
0.0220562,56,56,35.75
0.0227185,64,56,35.75
0.017891,72,56,35.75
0.00475211,-64,64,35.75
0.0129569,-56,64,35.75
0.0161479,-48,64,35.75
0.0156564,-40,64,35.75
0.0150593,-32,64,35.75
0.0143582,-24,64,35.75
0.0064785,16,64,35.75
0.0135248,24,64,35.75
0.0188488,32,64,35.75
0.0196462,40,64,35.75
0.0193282,48,64,35.75
0.0201066,56,64,35.75
0.0207848,64,64,35.75
-0.00103672,-64,72,35.75
0.0106509,-56,72,35.75
0.0177555,-48,72,35.75
0.0183574,-40,72,35.75
0.0184509,-32,72,35.75
0.0167316,-24,72,35.75
0.00563213,16,72,35.75
0.0121344,24,72,35.75
0.0159677,32,72,35.75
0.0170981,40,72,35.75
0.0175124,48,72,35.75
0.0189282,56,72,35.75
0.0201497,64,72,35.75
0.00429646,-56,80,35.75
0.0167204,-48,80,35.75
0.019341,-40,80,35.75
0.0204485,-32,80,35.75
0.0190769,-24,80,35.75
0.008367,16,80,35.75
0.0100786,24,80,35.75
0.0122573,32,80,35.75
0.0148173,40,80,35.75
0.0169634,48,80,35.75
0.0208845,56,80,35.75
0.0127928,-48,88,35.75
0.0192882,-40,88,35.75
0.0211883,-32,88,35.75
0.0217377,-24,88,35.75
0.00587963,24,88,35.75
0.00883063,32,88,35.75
0.0135499,40,88,35.75
0.0180663,48,88,35.75
0.0176607,-40,96,35.75
0.020653,-32,96,35.75
0.0,56,-96,43.75
0.0,64,-88,43.75
0.0,80,-56,43.75
0.0,80,-48,43.75
-0.00120826,80,-40,43.75
0.0240838,80,-24,43.75
0.0273276,88,-24,43.75
-0.00669011,-88,-16,43.75
0.0267408,80,-16,43.75
0.0367246,88,-16,43.75
0.00510326,-88,-8,43.75
0.030748,80,-8,43.75
0.0256789,88,-8,43.75
0.00317855,-88,0,43.75
0.0291884,80,0,43.75
0.0211345,88,0,43.75
0.00202978,-88,8,43.75
0.0294375,72,8,43.75
0.0283455,80,8,43.75
0.0157424,88,8,43.75
0.00254907,-88,16,43.75
0.000474473,-80,16,43.75
0.0287289,72,16,43.75
0.0260641,80,16,43.75
0.0119453,88,16,43.75
0.00768271,-88,24,43.75
0.00387104,-80,24,43.75
0.00718954,-72,24,43.75
0.0220973,56,24,43.75
0.0235801,64,24,43.75
0.023583,72,24,43.75
0.0199854,80,24,43.75
0.00551895,-88,32,43.75
0.00783747,-80,32,43.75
0.00699773,-72,32,43.75
0.00582629,-64,32,43.75
0.031636,48,32,43.75
0.0283675,56,32,43.75
0.0249312,64,32,43.75
0.0209952,72,32,43.75
0.0140627,80,32,43.75
0.00798444,-80,40,43.75
0.00882731,-72,40,43.75
0.00866152,-64,40,43.75
0.00975759,-56,40,43.75
0.0100551,-48,40,43.75
-0.0117828,-16,40,43.75
-0.00986522,0,40,43.75
0.0215978,16,40,43.75
0.0277827,24,40,43.75
0.0263173,32,40,43.75
0.0285765,40,40,43.75
0.0274836,48,40,43.75
0.025502,56,40,43.75
0.0229147,64,40,43.75
0.0186991,72,40,43.75
0.00877165,80,40,43.75
0.00686219,-80,48,43.75
0.0117737,-72,48,43.75
0.0143929,-64,48,43.75
0.0160722,-56,48,43.75
0.0158364,-48,48,43.75
0.0102146,-40,48,43.75
0.00149645,-32,48,43.75
-0.00739043,-24,48,43.75
0.00957908,8,48,43.75
0.0209821,16,48,43.75
0.0259181,24,48,43.75
0.025379,32,48,43.75
0.0241615,40,48,43.75
0.0236423,48,48,43.75
0.0224543,56,48,43.75
0.0206513,64,48,43.75
0.0155641,72,48,43.75
0.00619651,80,48,43.75
0.0092615,-80,56,43.75
0.011278,-72,56,43.75
0.0145723,-64,56,43.75
0.0167005,-56,56,43.75
0.0170574,-48,56,43.75
0.0138185,-40,56,43.75
0.00634989,-32,56,43.75
-0.00428707,-24,56,43.75
0.00722124,8,56,43.75
0.0156313,16,56,43.75
0.0201895,24,56,43.75
0.0228863,32,56,43.75
0.0224342,40,56,43.75
0.0217185,48,56,43.75
0.0211946,56,56,43.75
0.0205958,64,56,43.75
0.0139252,72,56,43.75
0.00913325,-72,64,43.75
0.011614,-64,64,43.75
0.0156819,-56,64,43.75
0.0169932,-48,64,43.75
0.0157512,-40,64,43.75
0.0122007,-32,64,43.75
0.00420999,-24,64,43.75
0.0104784,16,64,43.75
0.0165561,24,64,43.75
0.0206394,32,64,43.75
0.0205306,40,64,43.75
0.019676,48,64,43.75
0.0188138,56,64,43.75
0.018573,64,64,43.75
0.0107225,72,64,43.75
0.00933784,-64,72,43.75
0.0134118,-56,72,43.75
0.0167147,-48,72,43.75
0.0173589,-40,72,43.75
0.0175591,-32,72,43.75
0.0165848,-24,72,43.75
0.00741746,16,72,43.75
0.0151546,24,72,43.75
0.0190302,32,72,43.75
0.0191712,40,72,43.75
0.0179999,48,72,43.75
0.0176944,56,72,43.75
0.0175214,64,72,43.75
0.00691225,-56,80,43.75
0.0137053,-48,80,43.75
0.0172335,-40,80,43.75
0.0197973,-32,80,43.75
0.019246,-24,80,43.75
0.0132972,16,80,43.75
0.0157792,24,80,43.75
0.0172722,32,80,43.75
0.017915,40,80,43.75
0.0177044,48,80,43.75
0.0196645,56,80,43.75
0.0207447,64,80,43.75
0.00643432,-48,88,43.75
0.0145043,-40,88,43.75
0.019498,-32,88,43.75
0.0209289,-24,88,43.75
0.0119604,16,88,43.75
0.014162,24,88,43.75
0.0155168,32,88,43.75
0.0167016,40,88,43.75
0.0176781,48,88,43.75
0.0203072,56,88,43.75
0.00857635,-40,96,43.75
0.015728,-32,96,43.75
0.0138928,24,96,43.75
0.0138695,32,96,43.75
0.0158426,40,96,43.75
0.0187026,48,96,43.75
0.0281094,88,-8,51.75
0.0,-96,0,51.75
0.0208031,88,0,51.75
0.00619921,-96,8,51.75
0.0234165,88,8,51.75
0.0145262,-96,16,51.75
0.0429485,80,16,51.75
0.0258443,88,16,51.75
0.0194746,-96,24,51.75
0.00456473,-88,24,51.75
0.0322726,80,24,51.75
0.0206304,88,24,51.75
0.00965621,-96,32,51.75
0.00396609,-88,32,51.75
0.00120704,-80,32,51.75
0.0269565,72,32,51.75
0.0236681,80,32,51.75
0.0168513,88,32,51.75
0.00964513,-88,40,51.75
0.00320086,-80,40,51.75
-0.00442791,-72,40,51.75
-0.00135448,-64,40,51.75
0.0242467,56,40,51.75
0.0249643,64,40,51.75
0.0231213,72,40,51.75
0.0162637,80,40,51.75
0.00256021,88,40,51.75
0.0238473,-88,48,51.75
0.0133704,-80,48,51.75
0.00915896,-72,48,51.75
0.0139215,-64,48,51.75
0.0145967,-56,48,51.75
0.0149564,-48,48,51.75
0.00884897,-40,48,51.75
0.000768024,-32,48,51.75
-0.00658512,-24,48,51.75
0.0212703,32,48,51.75
0.0209885,40,48,51.75
0.0219292,48,48,51.75
0.0218225,56,48,51.75
0.0219044,64,48,51.75
0.0186618,72,48,51.75
0.0120139,80,48,51.75
0.0187243,-80,56,51.75
0.0144733,-72,56,51.75
0.0170975,-64,56,51.75
0.0182658,-56,56,51.75
0.0178727,-48,56,51.75
0.0137879,-40,56,51.75
0.00577285,-32,56,51.75
-0.00466681,-24,56,51.75
0.0183955,16,56,51.75
0.0200489,24,56,51.75
0.020935,32,56,51.75
0.0204203,40,56,51.75
0.0204257,48,56,51.75
0.0205106,56,56,51.75
0.0203725,64,56,51.75
0.0154159,72,56,51.75
0.00894818,80,56,51.75
0.0218653,-72,64,51.75
0.0207055,-64,64,51.75
0.0196352,-56,64,51.75
0.0187388,-48,64,51.75
0.0165936,-40,64,51.75
0.0123575,-32,64,51.75
0.00377268,-24,64,51.75
0.0132854,16,64,51.75
0.018441,24,64,51.75
0.0205512,32,64,51.75
0.0193553,40,64,51.75
0.0176377,48,64,51.75
0.0170138,56,64,51.75
0.0174126,64,64,51.75
0.0131807,72,64,51.75
0.0279103,-72,72,51.75
0.0230148,-64,72,51.75
0.0193535,-56,72,51.75
0.0187313,-48,72,51.75
0.01851,-40,72,51.75
0.0177931,-32,72,51.75
0.0164289,-24,72,51.75
0.01038,16,72,51.75
0.017728,24,72,51.75
0.0196036,32,72,51.75
0.0179024,40,72,51.75
0.0159098,48,72,51.75
0.0154977,56,72,51.75
0.0166453,64,72,51.75
0.0177262,-64,80,51.75
0.0155044,-56,80,51.75
0.017145,-48,80,51.75
0.0189946,-40,80,51.75
0.0203815,-32,80,51.75
0.0189096,-24,80,51.75
0.0172256,16,80,51.75
0.0181736,24,80,51.75
0.0180899,32,80,51.75
0.0168198,40,80,51.75
0.0146889,48,80,51.75
0.014674,56,80,51.75
0.0174689,64,80,51.75
0.00959128,-56,88,51.75
0.0123728,-48,88,51.75
0.0166045,-40,88,51.75
0.020149,-32,88,51.75
0.0199374,-24,88,51.75
0.0161688,16,88,51.75
0.0160575,24,88,51.75
0.0156474,32,88,51.75
0.0146143,40,88,51.75
0.0131239,48,88,51.75
0.0135245,56,88,51.75
0.00369903,-48,96,51.75
0.0111318,-40,96,51.75
0.0167785,-32,96,51.75
0.0198559,-24,96,51.75
0.0106575,32,96,51.75
0.00870596,40,96,51.75
0.0058583,48,96,51.75
0.0327329,96,8,59.75
0.0414324,96,16,59.75
0.0,-104,24,59.75
0.0450032,88,24,59.75
0.0480139,96,24,59.75
0.00486314,-96,32,59.75
0.0328569,88,32,59.75
0.0365957,96,32,59.75
0.0109207,-96,40,59.75
-0.0103938,-88,40,59.75
0.0245913,64,40,59.75
0.0239495,72,40,59.75
0.0197876,80,40,59.75
0.0108545,88,40,59.75
-0.00456693,-88,48,59.75
-0.0144287,-80,48,59.75
-0.0366619,-16,48,59.75
0.0191785,40,48,59.75
0.0189851,48,48,59.75
0.021032,56,48,59.75
0.0217259,64,48,59.75
0.0204458,72,48,59.75
0.0161696,80,48,59.75
0.00845417,88,48,59.75
0.0107262,-88,56,59.75
0.0013956,-80,56,59.75
0.00166497,-72,56,59.75
0.0135156,-64,56,59.75
0.0156211,-56,56,59.75
0.0121636,-48,56,59.75
0.00943343,-40,56,59.75
0.00270492,-32,56,59.75
-0.00664531,-24,56,59.75
0.0152473,32,56,59.75
0.0139334,40,56,59.75
0.0150074,48,56,59.75
0.0161813,56,56,59.75
0.0181418,64,56,59.75
0.0150572,72,56,59.75
0.011345,80,56,59.75
0.0240829,-80,64,59.75
0.020223,-72,64,59.75
0.0197253,-64,64,59.75
0.0155657,-56,64,59.75
0.0140614,-48,64,59.75
0.0135399,-40,64,59.75
0.00977129,-32,64,59.75
0.00160574,-24,64,59.75
0.0146318,16,64,59.75
0.0174809,24,64,59.75
0.0176052,32,64,59.75
0.015616,40,64,59.75
0.0130876,48,64,59.75
0.0131808,56,64,59.75
0.0152148,64,64,59.75
0.0140998,72,64,59.75
0.0150956,80,64,59.75
0.0254209,-72,72,59.75
0.0210637,-64,72,59.75
0.0164708,-56,72,59.75
0.0170542,-48,72,59.75
0.0183413,-40,72,59.75
0.0170214,-32,72,59.75
0.0150951,-24,72,59.75
0.017151,16,72,59.75
0.0184282,24,72,59.75
0.0172855,32,72,59.75
0.014553,40,72,59.75
0.0116061,48,72,59.75
0.0123823,56,72,59.75
0.0156439,64,72,59.75
0.019334,72,72,59.75
0.0237997,-72,80,59.75
0.0196371,-64,80,59.75
0.0174108,-56,80,59.75
0.0189329,-48,80,59.75
0.0207075,-40,80,59.75
0.020564,-32,80,59.75
0.0178474,-24,80,59.75
0.018238,16,80,59.75
0.0174736,24,80,59.75
0.0167494,32,80,59.75
0.0143714,40,80,59.75
0.0114464,48,80,59.75
0.0121663,56,80,59.75
0.0179832,64,80,59.75
0.0155014,-64,88,59.75
0.0149871,-56,88,59.75
0.0171908,-48,88,59.75
0.0192794,-40,88,59.75
0.0209183,-32,88,59.75
0.0200166,-24,88,59.75
0.0162759,16,88,59.75
0.0160647,24,88,59.75
0.0156819,32,88,59.75
0.013852,40,88,59.75
0.0108747,48,88,59.75
0.0116054,56,88,59.75
0.00603731,-64,96,59.75
0.0110178,-56,96,59.75
0.0143796,-48,96,59.75
0.0169647,-40,96,59.75
0.0195241,-32,96,59.75
0.0208171,-24,96,59.75
0.0178654,16,96,59.75
0.0160424,24,96,59.75
0.0135805,32,96,59.75
0.00941463,40,96,59.75
0.00289626,48,96,59.75
0.0114986,-48,104,59.75
0.014695,-40,104,59.75
0.0168474,-32,104,59.75
0.0281067,80,48,67.75
0.0192443,-96,56,67.75
-0.0175093,-88,56,67.75
-0.00120888,48,56,67.75
-0.000350684,56,56,67.75
0.0168461,64,56,67.75
0.0153233,72,56,67.75
0.0138539,80,56,67.75
0.0127756,88,56,67.75
0.0130709,-88,64,67.75
0.00618989,-80,64,67.75
0.00563902,-32,64,67.75
-0.000823963,-24,64,67.75
0.014636,32,64,67.75
0.0107581,40,64,67.75
0.0050856,48,64,67.75
0.00383165,56,64,67.75
0.0141963,64,64,67.75
0.014141,72,64,67.75
0.0139843,80,64,67.75
0.0157749,-80,72,67.75
0.00770747,-72,72,67.75
0.0125702,-64,72,67.75
0.00852426,-56,72,67.75
0.0172833,-40,72,67.75
0.016058,-32,72,67.75
0.0119108,-24,72,67.75
0.0217043,16,72,67.75
0.016596,24,72,67.75
0.0133141,32,72,67.75
0.00961187,40,72,67.75
0.00500882,48,72,67.75
0.00554622,56,72,67.75
0.012142,64,72,67.75
0.0178125,72,72,67.75
0.0220102,80,72,67.75
0.0196071,-80,80,67.75
0.0130974,-72,80,67.75
0.0138178,-64,80,67.75
0.0139576,-56,80,67.75
0.0165945,-48,80,67.75
0.0191316,-40,80,67.75
0.0180508,-32,80,67.75
0.014203,-24,80,67.75
0.0189474,16,80,67.75
0.0139017,24,80,67.75
0.012375,32,80,67.75
0.00912831,40,80,67.75
0.00573199,48,80,67.75
0.00642787,56,80,67.75
0.0129153,64,80,67.75
0.016647,72,80,67.75
0.0145374,-72,88,67.75
0.0138928,-64,88,67.75
0.0147303,-56,88,67.75
0.0166605,-48,88,67.75
0.0188123,-40,88,67.75
0.0185643,-32,88,67.75
0.0161959,-24,88,67.75
0.0143046,16,88,67.75
0.0097327,24,88,67.75
0.00932248,32,88,67.75
0.00651798,40,88,67.75
0.00344352,48,88,67.75
0.00593724,56,88,67.75
0.00962753,64,88,67.75
0.011874,-64,96,67.75
0.0144388,-56,96,67.75
0.0156506,-48,96,67.75
0.0171096,-40,96,67.75
0.0170052,-32,96,67.75
0.0161479,-24,96,67.75
0.00924834,16,96,67.75
0.00499288,24,96,67.75
0.004684,32,96,67.75
-6.62119e-05,40,96,67.75
0.0135002,-48,104,67.75
0.0165803,-40,104,67.75
0.0139492,-32,104,67.75
0.0153629,88,56,75.75
0.0,96,56,75.75
0.0,-96,64,75.75
0.0112275,72,64,75.75
0.0103919,80,64,75.75
0.00822753,88,64,75.75
0.0201689,-88,72,75.75
0.0240402,-32,72,75.75
0.0163351,-24,72,75.75
0.0108903,24,72,75.75
0.00713309,32,72,75.75
0.00475971,40,72,75.75
0.00107918,48,72,75.75
-0.000824375,56,72,75.75
0.0115649,64,72,75.75
0.0126361,72,72,75.75
0.0170677,80,72,75.75
0.0342203,-88,80,75.75
0.0150177,-80,80,75.75
0.00791462,-72,80,75.75
0.0114655,-64,80,75.75
0.0119419,-56,80,75.75
0.0136399,-48,80,75.75
0.0166402,-40,80,75.75
0.0171122,-32,80,75.75
0.0134293,-24,80,75.75
0.0137114,16,80,75.75
0.0104261,24,80,75.75
0.00835754,32,80,75.75
0.00537681,40,80,75.75
0.00264337,48,80,75.75
0.00175351,56,80,75.75
0.0148325,64,80,75.75
0.0191251,72,80,75.75
0.016866,-80,88,75.75
0.0113544,-72,88,75.75
0.0109666,-64,88,75.75
0.0115025,-56,88,75.75
0.0124739,-48,88,75.75
0.0148058,-40,88,75.75
0.0158157,-32,88,75.75
0.0137295,-24,88,75.75
0.0109332,16,88,75.75
0.00759656,24,88,75.75
0.00702746,32,88,75.75
0.00325158,40,88,75.75
-0.000103611,48,88,75.75
0.00134164,56,88,75.75
0.00905177,64,88,75.75
0.0116164,-64,96,75.75
0.0123775,-56,96,75.75
0.0128482,-48,96,75.75
0.0140853,-40,96,75.75
0.0147729,-32,96,75.75
0.014027,-24,96,75.75
0.00989944,16,96,75.75
0.0072484,24,96,75.75
0.00665497,32,96,75.75
-0.000186229,40,96,75.75
-0.00377551,48,96,75.75
0.0148455,-40,104,75.75
0.0134886,-32,104,75.75
0.0132184,-24,104,75.75
0.0,-96,72,83.75
0.00953759,24,72,83.75
0.00231663,32,72,83.75
-7.98684e-05,40,72,83.75
0.0244301,-88,80,83.75
0.0162729,-24,80,83.75
0.00918429,24,80,83.75
0.0071625,32,80,83.75
0.0063682,40,80,83.75
0.0151152,-80,88,83.75
0.0150762,-72,88,83.75
0.0129657,-64,88,83.75
0.0121538,-56,88,83.75
0.0113002,-48,88,83.75
0.0129735,-40,88,83.75
0.0142316,-32,88,83.75
0.0114878,-24,88,83.75
0.00569709,24,88,83.75
0.0059684,32,88,83.75
0.00512275,40,88,83.75
0.0032372,48,88,83.75
0.00957628,-72,96,83.75
0.0105159,-64,96,83.75
0.0101073,-56,96,83.75
0.0106399,-48,96,83.75
0.0109376,-40,96,83.75
0.0125461,-32,96,83.75
0.00914893,16,96,83.75
0.00811008,24,96,83.75
0.00973177,32,96,83.75
0.00807874,48,96,83.75
0.00670678,56,96,83.75
0.0100745,-56,104,83.75
0.011114,-48,104,83.75
0.0118404,-40,104,83.75
0.011813,-32,104,83.75
0.00939281,-24,104,83.75
0.00811803,16,104,83.75
0.00589861,32,104,83.75
